Signal Legend:

Key        Signal Name

0        = NCO_ID:inst15|fsin_o[12..0]
1        = NCO_ID:instcarrier|fsin_o[12..0]
2        = mixer_wc:inst6|outsignal[13..0]
3        = mixer_wc:inst6|check
4        = FM_MOD_NCO:inst9|nco_ii_0_out_data[13..0]
5        = NCO_ID:inst11|fsin_o[12..0]

Data Table:

Signals-> 0     1     2     3 4     5     

sample

-256      -2046 -1068 -1068 0 -587  -170  
-255      -2046 -1068 -1068 0 -587  -170  
-254      -2046 -1068 -1068 0 -4330 470   
-253      -2046 -1068 -1068 0 -4330 470   
-252      -2046 -1068 -1068 0 7591  1104  
-251      -2046 -1068 -1068 0 7591  1104  
-250      -2046 -1068 -1068 0 -7949 1705  
-249      -2046 -1068 -1068 0 -7949 1705  
-248      -2046 -1068 -1068 0 5267  2265  
-247      -2046 -1068 -1068 0 5267  2265  
-246      -2046 -1068 -1068 0 -570  2773  
-245      -2046 -1068 -1068 0 -570  2773  
-244      -2046 -1068 -1068 0 -4344 3209  
-243      -2046 -1068 -1068 0 -4344 3209  
-242      -2046 -1068 -1068 0 7597  3569  
-241      -2046 -1068 -1068 0 7597  3569  
-240      -2046 -1068 -1068 0 -7945 3838  
-239      -2046 -1068 -1068 0 -7945 3838  
-238      -2046 -1068 -1068 0 5254  4014  
-237      -2046 -1068 -1068 0 5254  4014  
-236      -2046 -1068 -1068 0 -554  4091  
-235      -2046 201   -1068 0 -554  4091  
-234      -2046 201   -1068 0 -4358 4068  
-233      -2046 201   201   0 -4358 4068  
-232      -2046 201   201   0 7603  3943  
-231      -2046 201   201   0 7603  3943  
-230      -2046 201   201   0 -7941 3723  
-229      -2046 201   201   0 -7941 3723  
-228      -2046 201   201   0 5242  3412  
-227      -2046 201   201   0 5242  3412  
-226      -2046 201   201   0 -538  3013  
-225      -2046 201   201   0 -538  3013  
-224      -2046 201   201   0 -4372 2544  
-223      -2046 201   201   0 -4372 2544  
-222      -2046 201   201   0 7609  2007  
-221      -2046 201   201   0 7609  2007  
-220      -2046 201   201   0 -7937 1427  
-219      -2046 201   201   0 -7937 1427  
-218      -2046 201   201   0 5229  811   
-217      -2046 201   201   0 5229  811   
-216      -2046 201   201   0 -522  170   
-215      -2046 201   201   0 -522  170   
-214      -2046 201   201   0 -4382 -470  
-213      -2046 201   201   0 -4382 -470  
-212      -2046 201   201   0 7613  -1104 
-211      -2046 201   201   0 7613  -1104 
-210      -2046 201   201   0 -7936 -1705 
-209      -2046 201   201   0 -7936 -1705 
-208      -2046 201   201   0 5228  -2265 
-207      -2046 201   201   0 5228  -2265 
-206      -2046 201   201   0 -524  -2773 
-205      -2046 201   201   0 -524  -2773 
-204      -2046 201   201   0 -4380 -3209 
-203      -2046 201   201   0 -4380 -3209 
-202      -2046 201   201   0 7612  -3569 
-201      -2046 201   201   0 7612  -3569 
-200      -2046 201   201   0 -7937 -3838 
-199      -2046 201   201   0 -7937 -3838 
-198      -2046 201   201   0 5231  -4014 
-197      -2046 201   201   0 5231  -4014 
-196      -2046 201   201   0 -527  -4091 
-195      -2046 201   201   0 -527  -4091 
-194      -2046 201   201   0 -4377 -4068 
-193      -2046 201   201   0 -4377 -4068 
-192      -2046 201   201   0 7611  -3943 
-191      -2046 201   201   0 7611  -3943 
-190      -2046 201   201   0 -7937 -3723 
-189      -2046 201   201   0 -7937 -3723 
-188      -2046 201   201   0 5233  -3412 
-187      -2046 201   201   0 5233  -3412 
-186      -2046 201   201   0 -530  -3013 
-185      -2046 201   201   0 -530  -3013 
-184      -2046 201   201   0 -4375 -2544 
-183      -2046 201   201   0 -4375 -2544 
-182      -2046 201   201   0 7609  -2013 
-181      -2046 201   201   0 7609  -2013 
-180      -2046 201   201   0 -7938 -1427 
-179      -2046 201   201   0 -7938 -1427 
-178      -2046 201   201   0 5236  -811  
-177      -2046 201   201   0 5236  -811  
-176      -2046 201   201   0 -534  -170  
-175      -2046 201   201   0 -534  -170  
-174      -2046 201   201   0 -4372 470   
-173      -2046 201   201   0 -4372 470   
-172      -2046 201   201   0 7608  1098  
-171      -2046 201   201   0 7608  1098  
-170      -2046 201   201   0 -7939 1705  
-169      -2046 201   201   0 -7939 1705  
-168      -2046 201   201   0 5238  2265  
-167      -2046 201   201   0 5238  2265  
-166      -2046 201   201   0 -537  2773  
-165      -2046 201   201   0 -537  2773  
-164      -2046 201   201   0 -4370 3209  
-163      -2046 201   201   0 -4370 3209  
-162      -2046 201   201   0 7607  3566  
-161      -2046 201   201   0 7607  3566  
-160      -2046 201   201   0 -7940 3838  
-159      -2046 201   201   0 -7940 3838  
-158      -2046 201   201   0 5241  4014  
-157      -2046 201   201   0 5241  4014  
-156      -2046 201   201   0 -540  4091  
-155      -2046 201   201   0 -540  4091  
-154      -2046 201   201   0 -4367 4068  
-153      -2046 201   201   0 -4367 4068  
-152      -2046 201   201   0 7606  3945  
-151      -2046 201   201   0 7606  3945  
-150      -2046 201   201   0 -7940 3723  
-149      -2046 201   201   0 -7940 3723  
-148      -2046 201   201   0 5243  3412  
-147      -2046 201   201   0 5243  3412  
-146      -2046 201   201   0 -543  3013  
-145      -2046 201   201   0 -543  3013  
-144      -2046 201   201   0 -4364 2544  
-143      -2046 201   201   0 -4364 2544  
-142      -2046 201   201   0 7605  2013  
-141      -2046 201   201   0 7605  2013  
-140      -2046 201   201   0 -7941 1427  
-139      -2046 201   201   0 -7941 1427  
-138      -2046 201   201   0 5245  811   
-137      -2046 201   201   0 5245  811   
-136      -2046 201   201   0 -546  170   
-135      -2046 201   201   0 -546  170   
-134      -2046 201   201   0 -4362 -470  
-133      -2046 201   201   0 -4362 -470  
-132      -2046 201   201   0 7604  -1098 
-131      -2046 201   201   0 7604  -1098 
-130      -2046 201   201   0 -7942 -1705 
-129      -2046 201   201   0 -7942 -1705 
-128      -2046 201   201   0 5247  -2265 
-127      -2046 201   201   0 5247  -2265 
-126      -2046 201   201   0 -549  -2773 
-125      -2046 201   201   0 -549  -2773 
-124      -2046 201   201   0 -4359 -3209 
-123      -2046 201   201   0 -4359 -3209 
-122      -2046 201   201   0 7602  -3566 
-121      -2046 201   201   0 7602  -3566 
-120      -2046 201   201   0 -7943 -3838 
-119      -2046 201   201   0 -7943 -3838 
-118      -2046 201   201   0 5250  -4014 
-117      -2046 201   201   0 5250  -4014 
-116      -2046 201   201   0 -552  -4091 
-115      -2046 201   201   0 -552  -4091 
-114      -2046 201   201   0 -4356 -4068 
-113      -2046 201   201   0 -4356 -4068 
-112      -2046 201   201   0 7601  -3945 
-111      -2046 201   201   0 7601  -3945 
-110      -2046 201   201   0 -7943 -3723 
-109      -2046 201   201   0 -7943 -3723 
-108      -2046 201   201   0 5252  -3412 
-107      -2046 201   201   0 5252  -3412 
-106      -2046 201   201   0 -555  -3013 
-105      -2046 201   201   0 -555  -3013 
-104      -2046 201   201   0 -4354 -2544 
-103      -2046 201   201   0 -4354 -2544 
-102      -2046 201   201   0 7600  -2013 
-101      -2046 201   201   0 7600  -2013 
-100      -2046 201   201   0 -7944 -1427 
-99       -2046 201   201   0 -7944 -1427 
-98       -2046 201   201   0 5254  -811  
-97       -2046 201   201   0 5254  -811  
-96       -2046 201   201   0 -559  -170  
-95       -2046 201   201   0 -559  -170  
-94       -2046 201   201   0 -4351 470   
-93       -2046 201   201   0 -4351 470   
-92       -2046 201   201   0 7599  1098  
-91       -2046 201   201   0 7599  1098  
-90       -2046 201   201   0 -7945 1705  
-89       -2046 201   201   0 -7945 1705  
-88       -2046 201   201   0 5257  2265  
-87       -2046 201   201   0 5257  2265  
-86       -2046 201   201   0 -561  2773  
-85       -2046 201   201   0 -561  2773  
-84       -2046 201   201   0 -4348 3209  
-83       -2046 201   201   0 -4348 3209  
-82       -2046 201   201   0 7598  3566  
-81       -2046 201   201   0 7598  3566  
-80       -2046 201   201   0 -7946 3838  
-79       -2046 201   201   0 -7946 3838  
-78       -2046 201   201   0 5259  4014  
-77       -2046 201   201   0 5259  4014  
-76       -2046 201   201   0 -564  4091  
-75       -2046 201   201   0 -564  4091  
-74       -2046 201   201   0 -4346 4068  
-73       -2046 201   201   0 -4346 4068  
-72       -2046 201   201   0 7597  3945  
-71       -2046 201   201   0 7597  3945  
-70       -2046 201   201   0 -7946 3723  
-69       -2046 201   201   0 -7946 3723  
-68       -2046 201   201   0 5262  3412  
-67       -2046 201   201   0 5262  3412  
-66       -2046 201   201   0 -567  3013  
-65       -2046 201   201   0 -567  3013  
-64       -2046 201   201   0 -4343 2544  
-63       -2046 201   201   0 -4343 2544  
-62       -2046 201   201   0 7596  2013  
-61       -2046 201   201   0 7596  2013  
-60       -2046 201   201   0 -7947 1427  
-59       -2046 201   201   0 -7947 1427  
-58       -2046 201   201   0 5264  811   
-57       -2046 201   201   0 5264  811   
-56       -2046 201   201   0 -570  170   
-55       -2046 201   201   0 -570  170   
-54       -2046 201   201   0 -4340 -470  
-53       -2046 201   201   0 -4340 -470  
-52       -2046 201   201   0 7595  -1098 
-51       -2046 201   201   0 7595  -1098 
-50       -2046 201   201   0 -7948 -1705 
-49       -2046 201   201   0 -7948 -1705 
-48       -2046 201   201   0 5266  -2265 
-47       -2046 201   201   0 5266  -2265 
-46       -2046 201   201   0 -574  -2773 
-45       -2046 201   201   0 -574  -2773 
-44       -2046 201   201   0 -4338 -3209 
-43       -2046 201   201   0 -4338 -3209 
-42       -2046 201   201   0 7593  -3566 
-41       -2046 201   201   0 7593  -3566 
-40       -2046 201   201   0 -7949 -3838 
-39       -2046 201   201   0 -7949 -3838 
-38       -2046 201   201   0 5269  -4014 
-37       -2046 201   201   0 5269  -4014 
-36       -2046 201   201   0 -577  -4091 
-35       -2046 201   201   0 -577  -4091 
-34       -2046 201   201   0 -4336 -4068 
-33       -2046 201   201   0 -4336 -4068 
-32       -2046 201   201   0 7592  -3945 
-31       -2046 201   201   0 7592  -3945 
-30       -2046 201   201   0 -7950 -3723 
-29       -2046 201   201   0 -7950 -3723 
-28       -2046 201   201   0 5271  -3412 
-27       -2046 201   201   0 5271  -3412 
-26       -2046 201   201   0 -580  -3013 
-25       -2046 201   201   0 -580  -3013 
-24       -2046 201   201   0 -4333 -2544 
-23       -2046 201   201   0 -4333 -2544 
-22       -2046 201   201   0 7591  -2013 
-21       -2046 201   201   0 7591  -2013 
-20       -2046 201   201   0 -7950 -1427 
-19       -2046 201   201   0 -7950 -1427 
-18       -2046 201   201   0 5274  -811  
-17       -2046 201   201   0 5274  -811  
-16       -2046 201   201   0 -583  -170  
-15       -2046 201   201   0 -583  -170  
-14       -2046 201   201   0 -4330 470   
-13       -2046 201   201   0 -4330 470   
-12       -2046 201   201   0 7590  1098  
-11       -2046 201   201   0 7590  1098  
-10       -2046 201   201   0 -7951 1705  
-9        -2046 201   201   0 -7951 1705  
-8        -2046 201   201   0 5275  2265  
-7        -2046 201   201   0 5275  2265  
-6        -2046 201   201   0 -586  2773  
-5        -2046 201   201   0 -586  2773  
-4        -2046 201   201   0 -4328 3209  
-3        -2046 201   201   0 -4328 3209  
-2        -2046 201   201   0 7589  3566  
-1        -2046 201   201   0 7589  3566  
0         -2046 201   201   0 -7952 3838  
1         -2046 201   201   0 -7952 3838  
2         -2046 201   201   0 5278  4014  
3         -2046 201   201   0 5278  4014  
4         -2046 201   201   0 -589  4091  
5         -2046 201   201   0 -589  4091  
6         -2046 201   201   0 -4325 4068  
7         -2046 201   201   0 -4325 4068  
8         -2046 201   201   0 7587  3945  
9         -2046 201   201   0 7587  3945  
10        -2046 201   201   0 -7952 3723  
11        -2046 201   201   0 -7952 3723  
12        -2046 201   201   0 5281  3412  
13        -2046 201   201   0 5281  3412  
14        -2046 201   201   0 -592  3013  
15        -2046 201   201   0 -592  3013  
16        -2046 201   201   0 -4322 2544  
17        -2046 201   201   0 -4322 2544  
18        -2046 201   201   0 7586  2013  
19        -2046 201   201   0 7586  2013  
20        -2046 201   201   0 -7953 1427  
21        -2046 201   201   0 -7953 1427  
22        -2046 201   201   0 5283  811   
23        -2046 201   201   0 5283  811   
24        -2046 201   201   0 -596  170   
25        -2046 201   201   0 -596  170   
26        -2046 201   201   0 -4320 -470  
27        -2046 201   201   0 -4320 -470  
28        -2046 201   201   0 7585  -1098 
29        -2046 201   201   0 7585  -1098 
30        -2046 201   201   0 -7954 -1705 
31        -2046 201   201   0 -7954 -1705 
32        -2046 201   201   0 5285  -2265 
33        -2046 201   201   0 5285  -2265 
34        -2046 201   201   0 -598  -2773 
35        -2046 201   201   0 -598  -2773 
36        -2046 201   201   0 -4317 -3209 
37        -2046 201   201   0 -4317 -3209 
38        -2046 201   201   0 7584  -3566 
39        -2046 201   201   0 7584  -3566 
40        -2046 201   201   0 -7955 -3838 
41        -2046 201   201   0 -7955 -3838 
42        -2046 201   201   0 5287  -4014 
43        -2046 201   201   0 5287  -4014 
44        -2046 201   201   0 -601  -4091 
45        -2046 201   201   0 -601  -4091 
46        -2046 201   201   0 -4314 -4068 
47        -2046 201   201   0 -4314 -4068 
48        -2046 201   201   0 7583  -3945 
49        -2046 201   201   0 7583  -3945 
50        -2046 201   201   0 -7955 -3723 
51        -2046 201   201   0 -7955 -3723 
52        -2046 201   201   0 5290  -3412 
53        -2046 201   201   0 5290  -3412 
54        -2046 201   201   0 -604  -3013 
55        -2046 201   201   0 -604  -3013 
56        -2046 201   201   0 -4312 -2544 
57        -2046 201   201   0 -4312 -2544 
58        -2046 201   201   0 7582  -2013 
59        -2046 201   201   0 7582  -2013 
60        -2046 201   201   0 -7956 -1427 
61        -2046 201   201   0 -7956 -1427 
62        -2046 201   201   0 5292  -811  
63        -2046 201   201   0 5292  -811  
64        -2046 201   201   0 -607  -170  
65        -2046 201   201   0 -607  -170  
66        -2046 201   201   0 -4310 470   
67        -2046 201   201   0 -4310 470   
68        -2046 201   201   0 7580  1098  
69        -2046 201   201   0 7580  1098  
70        -2046 201   201   0 -7957 1705  
71        -2046 201   201   0 -7957 1705  
72        -2046 201   201   0 5295  2265  
73        -2046 201   201   0 5295  2265  
74        -2046 201   201   0 -610  2769  
75        -2046 201   201   0 -610  2769  
76        -2046 201   201   0 -4307 3209  
77        -2046 201   201   0 -4307 3209  
78        -2046 201   201   0 7579  3566  
79        -2046 201   201   0 7579  3566  
80        -2046 201   201   0 -7958 3838  
81        -2046 201   201   0 -7958 3838  
82        -2046 201   201   0 5297  4014  
83        -2046 201   201   0 5297  4014  
84        -2046 201   201   0 -614  4091  
85        -2046 201   201   0 -614  4091  
86        -2046 201   201   0 -4304 4068  
87        -2046 201   201   0 -4304 4068  
88        -2046 201   201   0 7578  3945  
89        -2046 201   201   0 7578  3945  
90        -2046 201   201   0 -7958 3723  
91        -2046 201   201   0 -7958 3723  
92        -2046 201   201   0 5299  3412  
93        -2046 201   201   0 5299  3412  
94        -2046 201   201   0 -617  3017  
95        -2046 201   201   0 -617  3017  
96        -2046 201   201   0 -4302 2544  
97        -2046 201   201   0 -4302 2544  
98        -2046 201   201   0 7577  2013  
99        -2046 201   201   0 7577  2013  
100       -2046 201   201   0 -7959 1427  
101       -2046 201   201   0 -7959 1427  
102       -2046 201   201   0 5302  811   
103       -2046 201   201   0 5302  811   
104       -2046 201   201   0 -620  176   
105       -2046 201   201   0 -620  176   
106       -2046 201   201   0 -4299 -470  
107       -2046 201   201   0 -4299 -470  
108       -2046 201   201   0 7576  -1098 
109       -2046 201   201   0 7576  -1098 
110       -2046 201   201   0 -7960 -1705 
111       -2046 201   201   0 -7960 -1705 
112       -2046 201   201   0 5304  -2265 
113       -2046 201   201   0 5304  -2265 
114       -2046 201   201   0 -623  -2769 
115       -2046 201   201   0 -623  -2769 
116       -2046 201   201   0 -4296 -3209 
117       -2046 201   201   0 -4296 -3209 
118       -2046 201   201   0 7575  -3566 
119       -2046 201   201   0 7575  -3566 
120       -2046 201   201   0 -7960 -3838 
121       -2046 201   201   0 -7960 -3838 
122       -2046 201   201   0 5307  -4014 
123       -2046 201   201   0 5307  -4014 
124       -2046 201   201   0 -626  -4091 
125       -2046 201   201   0 -626  -4091 
126       -2046 201   201   0 -4294 -4068 
127       -2046 201   201   0 -4294 -4068 
128       -2046 201   201   0 7573  -3945 
129       -2046 201   201   0 7573  -3945 
130       -2046 201   201   0 -7961 -3723 
131       -2046 201   201   0 -7961 -3723 
132       -2046 201   201   0 5308  -3412 
133       -2046 201   201   0 5308  -3412 
134       -2046 201   201   0 -629  -3017 
135       -2046 201   201   0 -629  -3017 
136       -2046 201   201   0 -4291 -2544 
137       -2046 201   201   0 -4291 -2544 
138       -2046 201   201   0 7572  -2013 
139       -2046 201   201   0 7572  -2013 
140       -2046 201   201   0 -7962 -1427 
141       -2046 201   201   0 -7962 -1427 
142       -2046 201   201   0 5311  -811  
143       -2046 201   201   0 5311  -811  
144       -2046 201   201   0 -632  -176  
145       -2046 201   201   0 -632  -176  
146       -2046 201   201   0 -4288 470   
147       -2046 201   201   0 -4288 470   
148       -2046 201   201   0 7571  1098  
149       -2046 201   201   0 7571  1098  
150       -2046 201   201   0 -7963 1705  
151       -2046 201   201   0 -7963 1705  
152       -2046 201   201   0 5313  2265  
153       -2046 201   201   0 5313  2265  
154       -2046 201   201   0 -635  2769  
155       -2046 201   201   0 -635  2769  
156       -2046 201   201   0 -4286 3209  
157       -2046 201   201   0 -4286 3209  
158       -2046 201   201   0 7570  3566  
159       -2046 201   201   0 7570  3566  
160       -2046 201   201   0 -7963 3838  
161       -2046 201   201   0 -7963 3838  
162       -2046 201   201   0 5316  4014  
163       -2046 201   201   0 5316  4014  
164       -2046 201   201   0 -638  4091  
165       -2046 201   201   0 -638  4091  
166       -2046 201   201   0 -4283 4068  
167       -2046 201   201   0 -4283 4068  
168       -2046 201   201   0 7569  3945  
169       -2046 201   201   0 7569  3945  
170       -2046 201   201   0 -7964 3723  
171       -2046 201   201   0 -7964 3723  
172       -2046 201   201   0 5318  3412  
173       -2046 201   201   0 5318  3412  
174       -2046 201   201   0 -641  3017  
175       -2046 201   201   0 -641  3017  
176       -2046 201   201   0 -4280 2544  
177       -2046 201   201   0 -4280 2544  
178       -2046 201   201   0 7567  2013  
179       -2046 201   201   0 7567  2013  
180       -2046 201   201   0 -7965 1427  
181       -2046 201   201   0 -7965 1427  
182       -2046 201   201   0 5320  811   
183       -2046 201   201   0 5320  811   
184       -2046 201   201   0 -644  176   
185       -2046 201   201   0 -644  176   
186       -2046 201   201   0 -4278 -470  
187       -2046 201   201   0 -4278 -470  
188       -2046 201   201   0 7566  -1098 
189       -2046 201   201   0 7566  -1098 
190       -2046 201   201   0 -7966 -1705 
191       -2046 201   201   0 -7966 -1705 
192       -2046 201   201   0 5323  -2265 
193       -2046 201   201   0 5323  -2265 
194       -2046 201   201   0 -647  -2769 
195       -2046 201   201   0 -647  -2769 
196       -2046 201   201   0 -4275 -3209 
197       -2046 201   201   0 -4275 -3209 
198       -2046 201   201   0 7565  -3566 
199       -2046 201   201   0 7565  -3566 
200       -2046 201   201   0 -7966 -3838 
201       -2046 201   201   0 -7966 -3838 
202       -2046 201   201   0 5325  -4014 
203       -2046 201   201   0 5325  -4014 
204       -2046 201   201   0 -650  -4091 
205       -2046 201   201   0 -650  -4091 
206       -2046 201   201   0 -4273 -4068 
207       -2046 201   201   0 -4273 -4068 
208       -2046 201   201   0 7564  -3945 
209       -2046 201   201   0 7564  -3945 
210       -2046 201   201   0 -7967 -3723 
211       -2046 201   201   0 -7967 -3723 
212       -2046 201   201   0 5328  -3412 
213       -2046 201   201   0 5328  -3412 
214       -2046 201   201   0 -653  -3017 
215       -2046 201   201   0 -653  -3017 
216       -2046 201   201   0 -4270 -2544 
217       -2046 201   201   0 -4270 -2544 
218       -2046 201   201   0 7563  -2013 
219       -2046 201   201   0 7563  -2013 
220       -2046 201   201   0 -7968 -1427 
221       -2046 201   201   0 -7968 -1427 
222       -2046 201   201   0 5330  -811  
223       -2046 201   201   0 5330  -811  
224       -2046 201   201   0 -657  -176  
225       -2046 201   201   0 -657  -176  
226       -2046 201   201   0 -4267 470   
227       -2046 201   201   0 -4267 470   
228       -2046 201   201   0 7562  1098  
229       -2046 201   201   0 7562  1098  
230       -2046 201   201   0 -7968 1705  
231       -2046 201   201   0 -7968 1705  
232       -2046 201   201   0 5332  2265  
233       -2046 201   201   0 5332  2265  
234       -2046 201   201   0 -660  2769  
235       -2046 201   201   0 -660  2769  
236       -2046 201   201   0 -4265 3209  
237       -2046 201   201   0 -4265 3209  
238       -2046 201   201   0 7561  3566  
239       -2046 201   201   0 7561  3566  
240       -2046 201   201   0 -7969 3838  
241       -2046 201   201   0 -7969 3838  
242       -2046 201   201   0 5335  4014  
243       -2046 201   201   0 5335  4014  
244       -2046 201   201   0 -663  4091  
245       -2046 201   201   0 -663  4091  
246       -2046 201   201   0 -4262 4068  
247       -2046 201   201   0 -4262 4068  
248       -2046 201   201   0 7559  3945  
249       -2046 201   201   0 7559  3945  
250       -2046 201   201   0 -7970 3723  
251       -2046 201   201   0 -7970 3723  
252       -2046 201   201   0 5336  3412  
253       -2046 201   201   0 5336  3412  
254       -2046 201   201   0 -666  3017  
255       -2046 201   201   0 -666  3017  
256       -2046 201   201   0 -4259 2544  
257       -2046 201   201   0 -4259 2544  
258       -2046 201   201   0 7558  2013  
259       -2046 201   201   0 7558  2013  
260       -2046 201   201   0 -7970 1427  
261       -2046 201   201   0 -7970 1427  
262       -2046 201   201   0 5339  811   
263       -2046 201   201   0 5339  811   
264       -2046 201   201   0 -669  176   
265       -2373 1456  201   0 -669  176   
266       -2373 1456  201   0 -4257 -470  
267       -2373 1456  1456  0 -4257 -470  
268       -2373 1456  1456  0 7557  -1098 
269       -2373 1456  1456  0 7557  -1098 
270       -2373 1456  1456  0 -7971 -1705 
271       -2373 1456  1456  0 -7971 -1705 
272       -2373 1456  1456  0 5341  -2265 
273       -2373 1456  1456  0 5341  -2265 
274       -2373 1456  1456  0 -672  -2769 
275       -2373 1456  1456  0 -672  -2769 
276       -2373 1456  1456  0 -4254 -3209 
277       -2373 1456  1456  0 -4254 -3209 
278       -2373 1456  1456  0 7556  -3566 
279       -2373 1456  1456  0 7556  -3566 
280       -2373 1456  1456  0 -7972 -3838 
281       -2373 1456  1456  0 -7972 -3838 
282       -2373 1456  1456  0 5344  -4014 
283       -2373 1456  1456  0 5344  -4014 
284       -2373 1456  1456  0 -672  -4091 
285       -2373 1456  1456  0 -672  -4091 
286       -2373 1456  1456  0 -4250 -4068 
287       -2373 1456  1456  0 -4250 -4068 
288       -2373 1456  1456  0 7552  -3945 
289       -2373 1456  1456  0 7552  -3945 
290       -2373 1456  1456  0 -7975 -3723 
291       -2373 1456  1456  0 -7975 -3723 
292       -2373 1456  1456  0 5356  -3412 
293       -2373 1456  1456  0 5356  -3412 
294       -2373 1456  1456  0 -695  -3017 
295       -2373 1456  1456  0 -695  -3017 
296       -2373 1456  1456  0 -4231 -2544 
297       -2373 1456  1456  0 -4231 -2544 
298       -2373 1456  1456  0 7544  -2013 
299       -2373 1456  1456  0 7544  -2013 
300       -2373 1456  1456  0 -7980 -1427 
301       -2373 1456  1456  0 -7980 -1427 
302       -2373 1456  1456  0 5373  -811  
303       -2373 1456  1456  0 5373  -811  
304       -2373 1456  1456  0 -718  -176  
305       -2373 1456  1456  0 -718  -176  
306       -2373 1456  1456  0 -4212 470   
307       -2373 1456  1456  0 -4212 470   
308       -2373 1456  1456  0 7535  1098  
309       -2373 1456  1456  0 7535  1098  
310       -2373 1456  1456  0 -7985 1705  
311       -2373 1456  1456  0 -7985 1705  
312       -2373 1456  1456  0 5390  2265  
313       -2373 1456  1456  0 5390  2265  
314       -2373 1456  1456  0 -740  2769  
315       -2373 1456  1456  0 -740  2769  
316       -2373 1456  1456  0 -4193 3209  
317       -2373 1456  1456  0 -4193 3209  
318       -2373 1456  1456  0 7526  3566  
319       -2373 1456  1456  0 7526  3566  
320       -2373 1456  1456  0 -7990 3838  
321       -2373 1456  1456  0 -7990 3838  
322       -2373 1456  1456  0 5406  4014  
323       -2373 1456  1456  0 5406  4014  
324       -2373 1456  1456  0 -761  4091  
325       -2373 1456  1456  0 -761  4091  
326       -2373 1456  1456  0 -4173 4068  
327       -2373 1456  1456  0 -4173 4068  
328       -2373 1456  1456  0 7518  3945  
329       -2373 1456  1456  0 7518  3945  
330       -2373 1456  1456  0 -7995 3726  
331       -2373 1456  1456  0 -7995 3726  
332       -2373 1456  1456  0 5423  3412  
333       -2373 1456  1456  0 5423  3412  
334       -2373 1456  1456  0 -783  3017  
335       -2373 1456  1456  0 -783  3017  
336       -2373 1456  1456  0 -4154 2544  
337       -2373 1456  1456  0 -4154 2544  
338       -2373 1456  1456  0 7509  2013  
339       -2373 1456  1456  0 7509  2013  
340       -2373 1456  1456  0 -7999 1433  
341       -2373 1456  1456  0 -7999 1433  
342       -2373 1456  1456  0 5440  811   
343       -2373 1456  1456  0 5440  811   
344       -2373 1456  1456  0 -806  176   
345       -2373 1456  1456  0 -806  176   
346       -2373 1456  1456  0 -4135 -470  
347       -2373 1456  1456  0 -4135 -470  
348       -2373 1456  1456  0 7500  -1098 
349       -2373 1456  1456  0 7500  -1098 
350       -2373 1456  1456  0 -8004 -1700 
351       -2373 1456  1456  0 -8004 -1700 
352       -2373 1456  1456  0 5456  -2265 
353       -2373 1456  1456  0 5456  -2265 
354       -2373 1456  1456  0 -828  -2769 
355       -2373 1456  1456  0 -828  -2769 
356       -2373 1456  1456  0 -4116 -3209 
357       -2373 1456  1456  0 -4116 -3209 
358       -2373 1456  1456  0 7491  -3566 
359       -2373 1456  1456  0 7491  -3566 
360       -2373 1456  1456  0 -8009 -3836 
361       -2373 1456  1456  0 -8009 -3836 
362       -2373 1456  1456  0 5473  -4014 
363       -2373 1456  1456  0 5473  -4014 
364       -2373 1456  1456  0 -851  -4091 
365       -2373 1456  1456  0 -851  -4091 
366       -2373 1456  1456  0 -4097 -4068 
367       -2373 1456  1456  0 -4097 -4068 
368       -2373 1456  1456  0 7482  -3945 
369       -2373 1456  1456  0 7482  -3945 
370       -2373 1456  1456  0 -8014 -3726 
371       -2373 1456  1456  0 -8014 -3726 
372       -2373 1456  1456  0 5490  -3412 
373       -2373 1456  1456  0 5490  -3412 
374       -2373 1456  1456  0 -873  -3017 
375       -2373 1456  1456  0 -873  -3017 
376       -2373 1456  1456  0 -4078 -2544 
377       -2373 1456  1456  0 -4078 -2544 
378       -2373 1456  1456  0 7473  -2013 
379       -2373 1456  1456  0 7473  -2013 
380       -2373 1456  1456  0 -8018 -1433 
381       -2373 1456  1456  0 -8018 -1433 
382       -2373 1456  1456  0 5507  -811  
383       -2373 1456  1456  0 5507  -811  
384       -2373 1456  1456  0 -895  -176  
385       -2373 1456  1456  0 -895  -176  
386       -2373 1456  1456  0 -4058 470   
387       -2373 1456  1456  0 -4058 470   
388       -2373 1456  1456  0 7463  1098  
389       -2373 1456  1456  0 7463  1098  
390       -2373 1456  1456  0 -8023 1700  
391       -2373 1456  1456  0 -8023 1700  
392       -2373 1456  1456  0 5523  2265  
393       -2373 1456  1456  0 5523  2265  
394       -2373 1456  1456  0 -917  2769  
395       -2373 1456  1456  0 -917  2769  
396       -2373 1456  1456  0 -4038 3209  
397       -2373 1456  1456  0 -4038 3209  
398       -2373 1456  1456  0 7454  3566  
399       -2373 1456  1456  0 7454  3566  
400       -2373 1456  1456  0 -8027 3836  
401       -2373 1456  1456  0 -8027 3836  
402       -2373 1456  1456  0 5539  4014  
403       -2373 1456  1456  0 5539  4014  
404       -2373 1456  1456  0 -940  4091  
405       -2373 1456  1456  0 -940  4091  
406       -2373 1456  1456  0 -4019 4068  
407       -2373 1456  1456  0 -4019 4068  
408       -2373 1456  1456  0 7445  3945  
409       -2373 1456  1456  0 7445  3945  
410       -2373 1456  1456  0 -8032 3726  
411       -2373 1456  1456  0 -8032 3726  
412       -2373 1456  1456  0 5556  3412  
413       -2373 1456  1456  0 5556  3412  
414       -2373 1456  1456  0 -961  3017  
415       -2373 1456  1456  0 -961  3017  
416       -2373 1456  1456  0 -4000 2544  
417       -2373 1456  1456  0 -4000 2544  
418       -2373 1456  1456  0 7436  2013  
419       -2373 1456  1456  0 7436  2013  
420       -2373 1456  1456  0 -8036 1433  
421       -2373 1456  1456  0 -8036 1433  
422       -2373 1456  1456  0 5572  811   
423       -2373 1456  1456  0 5572  811   
424       -2373 1456  1456  0 -984  176   
425       -2373 1456  1456  0 -984  176   
426       -2373 1456  1456  0 -3980 -470  
427       -2373 1456  1456  0 -3980 -470  
428       -2373 1456  1456  0 7426  -1098 
429       -2373 1456  1456  0 7426  -1098 
430       -2373 1456  1456  0 -8040 -1700 
431       -2373 1456  1456  0 -8040 -1700 
432       -2373 1456  1456  0 5589  -2265 
433       -2373 1456  1456  0 5589  -2265 
434       -2373 1456  1456  0 -1006 -2769 
435       -2373 1456  1456  0 -1006 -2769 
436       -2373 1456  1456  0 -3961 -3209 
437       -2373 1456  1456  0 -3961 -3209 
438       -2373 1456  1456  0 7417  -3566 
439       -2373 1456  1456  0 7417  -3566 
440       -2373 1456  1456  0 -8044 -3836 
441       -2373 1456  1456  0 -8044 -3836 
442       -2373 1456  1456  0 5605  -4014 
443       -2373 1456  1456  0 5605  -4014 
444       -2373 1456  1456  0 -1028 -4091 
445       -2373 1456  1456  0 -1028 -4091 
446       -2373 1456  1456  0 -3941 -4068 
447       -2373 1456  1456  0 -3941 -4068 
448       -2373 1456  1456  0 7407  -3945 
449       -2373 1456  1456  0 7407  -3945 
450       -2373 1456  1456  0 -8049 -3726 
451       -2373 1456  1456  0 -8049 -3726 
452       -2373 1456  1456  0 5621  -3412 
453       -2373 1456  1456  0 5621  -3412 
454       -2373 1456  1456  0 -1050 -3017 
455       -2373 1456  1456  0 -1050 -3017 
456       -2373 1456  1456  0 -3921 -2544 
457       -2373 1456  1456  0 -3921 -2544 
458       -2373 1456  1456  0 7398  -2013 
459       -2373 1456  1456  0 7398  -2013 
460       -2373 1456  1456  0 -8053 -1433 
461       -2373 1456  1456  0 -8053 -1433 
462       -2373 1456  1456  0 5637  -811  
463       -2373 1456  1456  0 5637  -811  
464       -2373 1456  1456  0 -1072 -176  
465       -2373 1456  1456  0 -1072 -176  
466       -2373 1456  1456  0 -3901 470   
467       -2373 1456  1456  0 -3901 470   
468       -2373 1456  1456  0 7388  1098  
469       -2373 1456  1456  0 7388  1098  
470       -2373 1456  1456  0 -8057 1700  
471       -2373 1456  1456  0 -8057 1700  
472       -2373 1456  1456  0 5654  2265  
473       -2373 1456  1456  0 5654  2265  
474       -2373 1456  1456  0 -1095 2769  
475       -2373 1456  1456  0 -1095 2769  
476       -2373 1456  1456  0 -3882 3209  
477       -2373 1456  1456  0 -3882 3209  
478       -2373 1456  1456  0 7378  3566  
479       -2373 1456  1456  0 7378  3566  
480       -2373 1456  1456  0 -8061 3836  
481       -2373 1456  1456  0 -8061 3836  
482       -2373 1456  1456  0 5670  4014  
483       -2373 1456  1456  0 5670  4014  
484       -2373 1456  1456  0 -1116 4091  
485       -2373 1456  1456  0 -1116 4091  
486       -2373 1456  1456  0 -3863 4068  
487       -2373 1456  1456  0 -3863 4068  
488       -2373 1456  1456  0 7368  3945  
489       -2373 1456  1456  0 7368  3945  
490       -2373 1456  1456  0 -8065 3726  
491       -2373 1456  1456  0 -8065 3726  
492       -2373 1456  1456  0 5685  3412  
493       -2373 1456  1456  0 5685  3412  
494       -2373 1456  1456  0 -1139 3017  
495       -2373 1456  1456  0 -1139 3017  
496       -2373 1456  1456  0 -3842 2544  
497       -2373 1456  1456  0 -3842 2544  
498       -2373 1456  1456  0 7359  2013  
499       -2373 1456  1456  0 7359  2013  
500       -2373 1456  1456  0 -8069 1433  
501       -2373 1456  1456  0 -8069 1433  
502       -2373 1456  1456  0 5702  811   
503       -2373 1456  1456  0 5702  811   
504       -2373 1456  1456  0 -1161 176   
505       -2373 1456  1456  0 -1161 176   
506       -2373 1456  1456  0 -3823 -470  
507       -2373 1456  1456  0 -3823 -470  
508       -2373 1456  1456  0 7349  -1098 
509       -2373 1456  1456  0 7349  -1098 
510       -2373 1456  1456  0 -8072 -1700 
511       -2373 1456  1456  0 -8072 -1700 
512       -2373 1456  1456  0 5718  -2265 
513       -2373 1456  1456  0 5718  -2265 
514       -2373 1456  1456  0 -1183 -2769 
515       -2373 1456  1456  0 -1183 -2769 
516       -2373 1456  1456  0 -3804 -3209 
517       -2373 1456  1456  0 -3804 -3209 
518       -2373 1456  1456  0 7339  -3566 
519       -2373 1456  1456  0 7339  -3566 
520       -2373 1456  1456  0 -8076 -3836 
521       -2373 1456  1456  0 -8076 -3836 
522       -2373 1456  1456  0 5734  -4014 
523       -2373 1456  1456  0 5734  -4014 
524       -2373 1456  1456  0 -1205 -4091 
525       -2373 1456  1456  0 -1205 -4091 
526       -2373 1456  1456  0 -3783 -4068 
527       -2373 1456  1456  0 -3783 -4068 
528       -2373 1456  1456  0 7329  -3945 
529       -2373 1456  1456  0 7329  -3945 
530       -2373 1456  1456  0 -8080 -3726 
531       -2373 1456  1456  0 -8080 -3726 
532       -2373 1456  1456  0 5750  -3412 
533       -2373 1456  1456  0 5750  -3412 
534       -2373 1456  1456  0 -1227 -3017 
535       -2373 1456  1456  0 -1227 -3017 
536       -2373 1456  1456  0 -3764 -2544 
537       -2373 1456  1456  0 -3764 -2544 
538       -2373 1456  1456  0 7319  -2013 
539       -2373 1456  1456  0 7319  -2013 
540       -2373 1456  1456  0 -8083 -1433 
541       -2373 1456  1456  0 -8083 -1433 
542       -2373 1456  1456  0 5765  -811  
543       -2373 1456  1456  0 5765  -811  
544       -2373 1456  1456  0 -1249 -176  
545       -2373 1456  1456  0 -1249 -176  
546       -2373 1456  1456  0 -3744 470   
547       -2373 1456  1456  0 -3744 470   
548       -2373 1456  1456  0 7309  1098  
549       -2373 1456  1456  0 7309  1098  
550       -2373 1456  1456  0 -8087 1700  
551       -2373 1456  1456  0 -8087 1700  
552       -2373 1456  1456  0 5781  2265  
553       -2373 1456  1456  0 5781  2265  
554       -2373 1456  1456  0 -1271 2769  
555       -2373 1456  1456  0 -1271 2769  
556       -2373 1456  1456  0 -3724 3209  
557       -2373 1456  1456  0 -3724 3209  
558       -2373 1456  1456  0 7299  3566  
559       -2373 1456  1456  0 7299  3566  
560       -2373 1456  1456  0 -8091 3836  
561       -2373 1456  1456  0 -8091 3836  
562       -2373 1456  1456  0 5797  4014  
563       -2373 1456  1456  0 5797  4014  
564       -2373 1456  1456  0 -1293 4091  
565       -2373 1456  1456  0 -1293 4091  
566       -2373 1456  1456  0 -3704 4068  
567       -2373 1456  1456  0 -3704 4068  
568       -2373 1456  1456  0 7289  3945  
569       -2373 1456  1456  0 7289  3945  
570       -2373 1456  1456  0 -8094 3726  
571       -2373 1456  1456  0 -8094 3726  
572       -2373 1456  1456  0 5813  3412  
573       -2373 1456  1456  0 5813  3412  
574       -2373 1456  1456  0 -1315 3017  
575       -2373 1456  1456  0 -1315 3017  
576       -2373 1456  1456  0 -3684 2544  
577       -2373 1456  1456  0 -3684 2544  
578       -2373 1456  1456  0 7279  2013  
579       -2373 1456  1456  0 7279  2013  
580       -2373 1456  1456  0 -8097 1433  
581       -2373 1456  1456  0 -8097 1433  
582       -2373 1456  1456  0 5829  811   
583       -2373 1456  1456  0 5829  811   
584       -2373 1456  1456  0 -1337 176   
585       -2373 1456  1456  0 -1337 176   
586       -2373 1456  1456  0 -3664 -464  
587       -2373 1456  1456  0 -3664 -464  
588       -2373 1456  1456  0 7268  -1098 
589       -2373 1456  1456  0 7268  -1098 
590       -2373 1456  1456  0 -8101 -1700 
591       -2373 1456  1456  0 -8101 -1700 
592       -2373 1456  1456  0 5844  -2265 
593       -2373 1456  1456  0 5844  -2265 
594       -2373 1456  1456  0 -1359 -2769 
595       -2373 1456  1456  0 -1359 -2769 
596       -2373 1456  1456  0 -3644 -3205 
597       -2373 1456  1456  0 -3644 -3205 
598       -2373 1456  1456  0 7258  -3566 
599       -2373 1456  1456  0 7258  -3566 
600       -2373 1456  1456  0 -8104 -3836 
601       -2373 1456  1456  0 -8104 -3836 
602       -2373 1456  1456  0 5860  -4014 
603       -2373 1456  1456  0 5860  -4014 
604       -2373 1456  1456  0 -1381 -4091 
605       -2373 1456  1456  0 -1381 -4091 
606       -2373 1456  1456  0 -3624 -4069 
607       -2373 1456  1456  0 -3624 -4069 
608       -2373 1456  1456  0 7247  -3945 
609       -2373 1456  1456  0 7247  -3945 
610       -2373 1456  1456  0 -8107 -3726 
611       -2373 1456  1456  0 -8107 -3726 
612       -2373 1456  1456  0 5876  -3412 
613       -2373 1456  1456  0 5876  -3412 
614       -2373 1456  1456  0 -1403 -3017 
615       -2373 1456  1456  0 -1403 -3017 
616       -2373 1456  1456  0 -3604 -2549 
617       -2373 1456  1456  0 -3604 -2549 
618       -2373 1456  1456  0 7237  -2013 
619       -2373 1456  1456  0 7237  -2013 
620       -2373 1456  1456  0 -8110 -1433 
621       -2373 1456  1456  0 -8110 -1433 
622       -2373 1456  1456  0 5891  -811  
623       -2373 1456  1456  0 5891  -811  
624       -2373 1456  1456  0 -1425 -176  
625       -2373 1456  1456  0 -1425 -176  
626       -2373 1456  1456  0 -3584 464   
627       -2373 1456  1456  0 -3584 464   
628       -2373 1456  1456  0 7227  1098  
629       -2373 1456  1456  0 7227  1098  
630       -2373 1456  1456  0 -8113 1700  
631       -2373 1456  1456  0 -8113 1700  
632       -2373 1456  1456  0 5907  2265  
633       -2373 1456  1456  0 5907  2265  
634       -2373 1456  1456  0 -1448 2769  
635       -2373 1456  1456  0 -1448 2769  
636       -2373 1456  1456  0 -3564 3205  
637       -2373 1456  1456  0 -3564 3205  
638       -2373 1456  1456  0 7216  3566  
639       -2373 1456  1456  0 7216  3566  
640       -2373 1456  1456  0 -8117 3836  
641       -2373 1456  1456  0 -8117 3836  
642       -2373 1456  1456  0 5922  4014  
643       -2373 1456  1456  0 5922  4014  
644       -2373 1456  1456  0 -1469 4091  
645       -2373 1456  1456  0 -1469 4091  
646       -2373 1456  1456  0 -3544 4069  
647       -2373 1456  1456  0 -3544 4069  
648       -2373 1456  1456  0 7206  3945  
649       -2373 1456  1456  0 7206  3945  
650       -2373 1456  1456  0 -8120 3726  
651       -2373 1456  1456  0 -8120 3726  
652       -2373 1456  1456  0 5937  3412  
653       -2373 1456  1456  0 5937  3412  
654       -2373 1456  1456  0 -1492 3017  
655       -2373 1456  1456  0 -1492 3017  
656       -2373 1456  1456  0 -3523 2549  
657       -2373 1456  1456  0 -3523 2549  
658       -2373 1456  1456  0 7195  2013  
659       -2373 1456  1456  0 7195  2013  
660       -2373 1456  1456  0 -8122 1433  
661       -2373 1456  1456  0 -8122 1433  
662       -2373 1456  1456  0 5953  811   
663       -2373 1456  1456  0 5953  811   
664       -2373 1456  1456  0 -1513 176   
665       -2373 1456  1456  0 -1513 176   
666       -2373 1456  1456  0 -3504 -464  
667       -2373 1456  1456  0 -3504 -464  
668       -2373 1456  1456  0 7184  -1098 
669       -2373 1456  1456  0 7184  -1098 
670       -2373 1456  1456  0 -8125 -1700 
671       -2373 1456  1456  0 -8125 -1700 
672       -2373 1456  1456  0 5968  -2265 
673       -2373 1456  1456  0 5968  -2265 
674       -2373 1456  1456  0 -1535 -2769 
675       -2373 1456  1456  0 -1535 -2769 
676       -2373 1456  1456  0 -3483 -3205 
677       -2373 1456  1456  0 -3483 -3205 
678       -2373 1456  1456  0 7174  -3566 
679       -2373 1456  1456  0 7174  -3566 
680       -2373 1456  1456  0 -8128 -3836 
681       -2373 1456  1456  0 -8128 -3836 
682       -2373 1456  1456  0 5984  -4014 
683       -2373 1456  1456  0 5984  -4014 
684       -2373 1456  1456  0 -1557 -4091 
685       -2373 1456  1456  0 -1557 -4091 
686       -2373 1456  1456  0 -3463 -4069 
687       -2373 1456  1456  0 -3463 -4069 
688       -2373 1456  1456  0 7163  -3945 
689       -2373 1456  1456  0 7163  -3945 
690       -2373 1456  1456  0 -8131 -3726 
691       -2373 1456  1456  0 -8131 -3726 
692       -2373 1456  1456  0 5998  -3412 
693       -2373 1456  1456  0 5998  -3412 
694       -2373 1456  1456  0 -1579 -3017 
695       -2373 1456  1456  0 -1579 -3017 
696       -2373 1456  1456  0 -3443 -2549 
697       -2373 1456  1456  0 -3443 -2549 
698       -2373 1456  1456  0 7152  -2013 
699       -2373 1456  1456  0 7152  -2013 
700       -2373 1456  1456  0 -8133 -1433 
701       -2373 1456  1456  0 -8133 -1433 
702       -2373 1456  1456  0 6013  -811  
703       -2373 1456  1456  0 6013  -811  
704       -2373 1456  1456  0 -1601 -176  
705       -2373 1456  1456  0 -1601 -176  
706       -2373 1456  1456  0 -3422 464   
707       -2373 1456  1456  0 -3422 464   
708       -2373 1456  1456  0 7141  1098  
709       -2373 1456  1456  0 7141  1098  
710       -2373 1456  1456  0 -8136 1700  
711       -2373 1456  1456  0 -8136 1700  
712       -2373 1456  1456  0 6029  2265  
713       -2373 1456  1456  0 6029  2265  
714       -2373 1456  1456  0 -1623 2769  
715       -2373 1456  1456  0 -1623 2769  
716       -2373 1456  1456  0 -3402 3205  
717       -2373 1456  1456  0 -3402 3205  
718       -2373 1456  1456  0 7130  3566  
719       -2373 1456  1456  0 7130  3566  
720       -2373 1456  1456  0 -8139 3836  
721       -2373 1456  1456  0 -8139 3836  
722       -2373 1456  1456  0 6044  4014  
723       -2373 1456  1456  0 6044  4014  
724       -2373 1456  1456  0 -1644 4091  
725       -2373 1456  1456  0 -1644 4091  
726       -2373 1456  1456  0 -3382 4069  
727       -2373 1456  1456  0 -3382 4069  
728       -2373 1456  1456  0 7119  3945  
729       -2373 1456  1456  0 7119  3945  
730       -2373 1456  1456  0 -8141 3726  
731       -2373 1456  1456  0 -8141 3726  
732       -2373 1456  1456  0 6059  3412  
733       -2373 1456  1456  0 6059  3412  
734       -2373 1456  1456  0 -1666 3017  
735       -2373 1456  1456  0 -1666 3017  
736       -2373 1456  1456  0 -3362 2549  
737       -2373 1456  1456  0 -3362 2549  
738       -2373 1456  1456  0 7108  2013  
739       -2373 1456  1456  0 7108  2013  
740       -2373 1456  1456  0 -8144 1433  
741       -2373 1456  1456  0 -8144 1433  
742       -2373 1456  1456  0 6074  811   
743       -2373 1456  1456  0 6074  811   
744       -2373 1456  1456  0 -1688 176   
745       -2373 1456  1456  0 -1688 176   
746       -2373 1456  1456  0 -3342 -464  
747       -2373 1456  1456  0 -3342 -464  
748       -2373 1456  1456  0 7097  -1098 
749       -2373 1456  1456  0 7097  -1098 
750       -2373 1456  1456  0 -8146 -1700 
751       -2373 1456  1456  0 -8146 -1700 
752       -2373 1456  1456  0 6089  -2265 
753       -2373 1456  1456  0 6089  -2265 
754       -2373 1456  1456  0 -1710 -2769 
755       -2373 1456  1456  0 -1710 -2769 
756       -2373 1456  1456  0 -3321 -3205 
757       -2373 1456  1456  0 -3321 -3205 
758       -2373 1456  1456  0 7085  -3566 
759       -2373 1456  1456  0 7085  -3566 
760       -2373 1456  1456  0 -8148 -3836 
761       -2373 1456  1456  0 -8148 -3836 
762       -2373 1456  1456  0 6104  -4014 
763       -2373 1456  1456  0 6104  -4014 
764       -2373 1456  1456  0 -1732 -4091 
765       -2373 2569  1456  0 -1732 -4091 
766       -2373 2569  1456  0 -3301 -4069 
767       -2373 2569  2569  0 -3301 -4069 
768       -2373 2569  2569  0 7074  -3945 
769       -2373 2569  2569  0 7074  -3945 
770       -2373 2569  2569  0 -8151 -3726 
771       -2373 2569  2569  0 -8151 -3726 
772       -2373 2569  2569  0 6119  -3412 
773       -2373 2569  2569  0 6119  -3412 
774       -2373 2569  2569  0 -1754 -3017 
775       -2373 2569  2569  0 -1754 -3017 
776       -2373 2569  2569  0 -3281 -2549 
777       -2373 2569  2569  0 -3281 -2549 
778       -2373 2569  2569  0 7063  -2013 
779       -2373 2569  2569  0 7063  -2013 
780       -2373 2569  2569  0 -8153 -1433 
781       -2373 2569  2569  0 -8153 -1433 
782       -2373 2569  2569  0 6134  -811  
783       -2373 2569  2569  0 6134  -811  
784       -2373 2569  2569  0 -1775 -176  
785       -2373 2569  2569  0 -1775 -176  
786       -2373 2569  2569  0 -3257 464   
787       -2373 2569  2569  0 -3257 464   
788       -2373 2569  2569  0 7048  1098  
789       -2373 2569  2569  0 7048  1098  
790       -2373 2569  2569  0 -8156 1700  
791       -2373 2569  2569  0 -8156 1700  
792       -2373 2569  2569  0 6157  2265  
793       -2373 2569  2569  0 6157  2265  
794       -2373 2569  2569  0 -1814 2769  
795       -2373 2569  2569  0 -1814 2769  
796       -2373 2569  2569  0 -3220 3205  
797       -2373 2569  2569  0 -3220 3205  
798       -2373 2569  2569  0 7028  3566  
799       -2373 2569  2569  0 7028  3566  
800       -2373 2569  2569  0 -8159 3836  
801       -2373 2569  2569  0 -8159 3836  
802       -2373 2569  2569  0 6183  4014  
803       -2373 2569  2569  0 6183  4014  
804       -2373 2569  2569  0 -1852 4091  
805       -2373 2569  2569  0 -1852 4091  
806       -2373 2569  2569  0 -3184 4069  
807       -2373 2569  2569  0 -3184 4069  
808       -2373 2569  2569  0 7008  3945  
809       -2373 2569  2569  0 7008  3945  
810       -2373 2569  2569  0 -8163 3726  
811       -2373 2569  2569  0 -8163 3726  
812       -2373 2569  2569  0 6209  3412  
813       -2373 2569  2569  0 6209  3412  
814       -2373 2569  2569  0 -1890 3017  
815       -2373 2569  2569  0 -1890 3017  
816       -2373 2569  2569  0 -3148 2549  
817       -2373 2569  2569  0 -3148 2549  
818       -2373 2569  2569  0 6987  2013  
819       -2373 2569  2569  0 6987  2013  
820       -2373 2569  2569  0 -8166 1433  
821       -2373 2569  2569  0 -8166 1433  
822       -2373 2569  2569  0 6234  811   
823       -2373 2569  2569  0 6234  811   
824       -2373 2569  2569  0 -1929 176   
825       -2373 2569  2569  0 -1929 176   
826       -2373 2569  2569  0 -3111 -464  
827       -2373 2569  2569  0 -3111 -464  
828       -2373 2569  2569  0 6966  -1098 
829       -2373 2569  2569  0 6966  -1098 
830       -2373 2569  2569  0 -8169 -1700 
831       -2373 2569  2569  0 -8169 -1700 
832       -2373 2569  2569  0 6260  -2265 
833       -2373 2569  2569  0 6260  -2265 
834       -2373 2569  2569  0 -1967 -2769 
835       -2373 2569  2569  0 -1967 -2769 
836       -2373 2569  2569  0 -3075 -3205 
837       -2373 2569  2569  0 -3075 -3205 
838       -2373 2569  2569  0 6946  -3566 
839       -2373 2569  2569  0 6946  -3566 
840       -2373 2569  2569  0 -8172 -3836 
841       -2373 2569  2569  0 -8172 -3836 
842       -2373 2569  2569  0 6286  -4013 
843       -2373 2569  2569  0 6286  -4013 
844       -2373 2569  2569  0 -2005 -4091 
845       -2373 2569  2569  0 -2005 -4091 
846       -2373 2569  2569  0 -3038 -4069 
847       -2373 2569  2569  0 -3038 -4069 
848       -2373 2569  2569  0 6925  -3945 
849       -2373 2569  2569  0 6925  -3945 
850       -2373 2569  2569  0 -8174 -3726 
851       -2373 2569  2569  0 -8174 -3726 
852       -2373 2569  2569  0 6311  -3415 
853       -2373 2569  2569  0 6311  -3415 
854       -2373 2569  2569  0 -2044 -3017 
855       -2373 2569  2569  0 -2044 -3017 
856       -2373 2569  2569  0 -3001 -2549 
857       -2373 2569  2569  0 -3001 -2549 
858       -2373 2569  2569  0 6904  -2013 
859       -2373 2569  2569  0 6904  -2013 
860       -2373 2569  2569  0 -8177 -1433 
861       -2373 2569  2569  0 -8177 -1433 
862       -2373 2569  2569  0 6336  -817  
863       -2373 2569  2569  0 6336  -817  
864       -2373 2569  2569  0 -2082 -176  
865       -2373 2569  2569  0 -2082 -176  
866       -2373 2569  2569  0 -2965 464   
867       -2373 2569  2569  0 -2965 464   
868       -2373 2569  2569  0 6883  1098  
869       -2373 2569  2569  0 6883  1098  
870       -2373 2569  2569  0 -8179 1700  
871       -2373 2569  2569  0 -8179 1700  
872       -2373 2569  2569  0 6361  2259  
873       -2373 2569  2569  0 6361  2259  
874       -2373 2569  2569  0 -2120 2769  
875       -2373 2569  2569  0 -2120 2769  
876       -2373 2569  2569  0 -2928 3205  
877       -2373 2569  2569  0 -2928 3205  
878       -2373 2569  2569  0 6861  3566  
879       -2373 2569  2569  0 6861  3566  
880       -2373 2569  2569  0 -8181 3836  
881       -2373 2569  2569  0 -8181 3836  
882       -2373 2569  2569  0 6385  4013  
883       -2373 2569  2569  0 6385  4013  
884       -2373 2569  2569  0 -2158 4091  
885       -2373 2569  2569  0 -2158 4091  
886       -2373 2569  2569  0 -2891 4069  
887       -2373 2569  2569  0 -2891 4069  
888       -2373 2569  2569  0 6839  3945  
889       -2373 2569  2569  0 6839  3945  
890       -2373 2569  2569  0 -8183 3726  
891       -2373 2569  2569  0 -8183 3726  
892       -2373 2569  2569  0 6410  3415  
893       -2373 2569  2569  0 6410  3415  
894       -2373 2569  2569  0 -2196 3017  
895       -2373 2569  2569  0 -2196 3017  
896       -2373 2569  2569  0 -2854 2549  
897       -2373 2569  2569  0 -2854 2549  
898       -2373 2569  2569  0 6818  2013  
899       -2373 2569  2569  0 6818  2013  
900       -2373 2569  2569  0 -8184 1433  
901       -2373 2569  2569  0 -8184 1433  
902       -2373 2569  2569  0 6435  817   
903       -2373 2569  2569  0 6435  817   
904       -2373 2569  2569  0 -2234 176   
905       -2373 2569  2569  0 -2234 176   
906       -2373 2569  2569  0 -2818 -464  
907       -2373 2569  2569  0 -2818 -464  
908       -2373 2569  2569  0 6796  -1098 
909       -2373 2569  2569  0 6796  -1098 
910       -2373 2569  2569  0 -8186 -1700 
911       -2373 2569  2569  0 -8186 -1700 
912       -2373 2569  2569  0 6459  -2259 
913       -2373 2569  2569  0 6459  -2259 
914       -2373 2569  2569  0 -2272 -2769 
915       -2373 2569  2569  0 -2272 -2769 
916       -2373 2569  2569  0 -2780 -3205 
917       -2373 2569  2569  0 -2780 -3205 
918       -2373 2569  2569  0 6774  -3566 
919       -2373 2569  2569  0 6774  -3566 
920       -2373 2569  2569  0 -8187 -3836 
921       -2373 2569  2569  0 -8187 -3836 
922       -2373 2569  2569  0 6483  -4013 
923       -2373 2569  2569  0 6483  -4013 
924       -2373 2569  2569  0 -2309 -4091 
925       -2373 2569  2569  0 -2309 -4091 
926       -2373 2569  2569  0 -2743 -4069 
927       -2373 2569  2569  0 -2743 -4069 
928       -2373 2569  2569  0 6752  -3945 
929       -2373 2569  2569  0 6752  -3945 
930       -2373 2569  2569  0 -8188 -3726 
931       -2373 2569  2569  0 -8188 -3726 
932       -2373 2569  2569  0 6507  -3415 
933       -2373 2569  2569  0 6507  -3415 
934       -2373 2569  2569  0 -2348 -3017 
935       -2373 2569  2569  0 -2348 -3017 
936       -2373 2569  2569  0 -2706 -2549 
937       -2373 2569  2569  0 -2706 -2549 
938       -2373 2569  2569  0 6729  -2013 
939       -2373 2569  2569  0 6729  -2013 
940       -2373 2569  2569  0 -8189 -1433 
941       -2373 2569  2569  0 -8189 -1433 
942       -2373 2569  2569  0 6531  -817  
943       -2373 2569  2569  0 6531  -817  
944       -2373 2569  2569  0 -2385 -176  
945       -2373 2569  2569  0 -2385 -176  
946       -2373 2569  2569  0 -2669 464   
947       -2373 2569  2569  0 -2669 464   
948       -2373 2569  2569  0 6706  1098  
949       -2373 2569  2569  0 6706  1098  
950       -2373 2569  2569  0 -8190 1700  
951       -2373 2569  2569  0 -8190 1700  
952       -2373 2569  2569  0 6554  2259  
953       -2373 2569  2569  0 6554  2259  
954       -2373 2569  2569  0 -2423 2769  
955       -2373 2569  2569  0 -2423 2769  
956       -2373 2569  2569  0 -2632 3205  
957       -2373 2569  2569  0 -2632 3205  
958       -2373 2569  2569  0 6684  3566  
959       -2373 2569  2569  0 6684  3566  
960       -2373 2569  2569  0 -8191 3836  
961       -2373 2569  2569  0 -8191 3836  
962       -2373 2569  2569  0 6578  4013  
963       -2373 2569  2569  0 6578  4013  
964       -2373 2569  2569  0 -2460 4091  
965       -2373 2569  2569  0 -2460 4091  
966       -2373 2569  2569  0 -2594 4069  
967       -2373 2569  2569  0 -2594 4069  
968       -2373 2569  2569  0 6661  3945  
969       -2373 2569  2569  0 6661  3945  
970       -2373 2569  2569  0 -8191 3726  
971       -2373 2569  2569  0 -8191 3726  
972       -2373 2569  2569  0 6601  3415  
973       -2373 2569  2569  0 6601  3415  
974       -2373 2569  2569  0 -2498 3017  
975       -2373 2569  2569  0 -2498 3017  
976       -2373 2569  2569  0 -2557 2549  
977       -2373 2569  2569  0 -2557 2549  
978       -2373 2569  2569  0 6638  2013  
979       -2373 2569  2569  0 6638  2013  
980       -2373 2569  2569  0 -8191 1433  
981       -2373 2569  2569  0 -8191 1433  
982       -2373 2569  2569  0 6625  817   
983       -2373 2569  2569  0 6625  817   
984       -2373 2569  2569  0 -2535 176   
985       -2373 2569  2569  0 -2535 176   
986       -2373 2569  2569  0 -2519 -464  
987       -2373 2569  2569  0 -2519 -464  
988       -2373 2569  2569  0 6615  -1098 
989       -2373 2569  2569  0 6615  -1098 
990       -2373 2569  2569  0 -8191 -1700 
991       -2373 2569  2569  0 -8191 -1700 
992       -2373 2569  2569  0 6648  -2259 
993       -2373 2569  2569  0 6648  -2259 
994       -2373 2569  2569  0 -2573 -2769 
995       -2373 2569  2569  0 -2573 -2769 
996       -2373 2569  2569  0 -2482 -3205 
997       -2373 2569  2569  0 -2482 -3205 
998       -2373 2569  2569  0 6591  -3566 
999       -2373 2569  2569  0 6591  -3566 
1000      -2373 2569  2569  0 -8191 -3836 
1001      -2373 2569  2569  0 -8191 -3836 
1002      -2373 2569  2569  0 6671  -4013 
1003      -2373 2569  2569  0 6671  -4013 
1004      -2373 2569  2569  0 -2610 -4091 
1005      -2373 2569  2569  0 -2610 -4091 
1006      -2373 2569  2569  0 -2445 -4069 
1007      -2373 2569  2569  0 -2445 -4069 
1008      -2373 2569  2569  0 6568  -3945 
1009      -2373 2569  2569  0 6568  -3945 
1010      -2373 2569  2569  0 -8190 -3726 
1011      -2373 2569  2569  0 -8190 -3726 
1012      -2373 2569  2569  0 6694  -3415 
1013      -2373 2569  2569  0 6694  -3415 
1014      -2373 2569  2569  0 -2648 -3017 
1015      -2373 2569  2569  0 -2648 -3017 
1016      -2373 2569  2569  0 -2407 -2549 
1017      -2373 2569  2569  0 -2407 -2549 
1018      -2373 2569  2569  0 6544  -2013 
1019      -2373 2569  2569  0 6544  -2013 
1020      -2373 2569  2569  0 -8190 -1433 
1021      -2373 2569  2569  0 -8190 -1433 
1022      -2373 2569  2569  0 6716  -817  
1023      -2373 2569  2569  0 6716  -817  
1024      -2373 2569  2569  0 -2685 -176  
1025      -2373 2569  2569  0 -2685 -176  
1026      -2373 2569  2569  0 -2369 464   
1027      -2373 2569  2569  0 -2369 464   
1028      -2373 2569  2569  0 6521  1098  
1029      -2373 2569  2569  0 6521  1098  
1030      -2373 2569  2569  0 -8189 1700  
1031      -2373 2569  2569  0 -8189 1700  
1032      -2373 2569  2569  0 6739  2259  
1033      -2373 2569  2569  0 6739  2259  
1034      -2373 2569  2569  0 -2722 2769  
1035      -2373 2569  2569  0 -2722 2769  
1036      -2373 2569  2569  0 -2331 3205  
1037      -2373 2569  2569  0 -2331 3205  
1038      -2373 2569  2569  0 6497  3566  
1039      -2373 2569  2569  0 6497  3566  
1040      -2373 2569  2569  0 -8188 3836  
1041      -2373 2569  2569  0 -8188 3836  
1042      -2373 2569  2569  0 6761  4013  
1043      -2373 2569  2569  0 6761  4013  
1044      -2373 2569  2569  0 -2759 4091  
1045      -2373 2569  2569  0 -2759 4091  
1046      -2373 2569  2569  0 -2293 4069  
1047      -2373 2569  2569  0 -2293 4069  
1048      -2373 2569  2569  0 6473  3945  
1049      -2373 2569  2569  0 6473  3945  
1050      -2373 2569  2569  0 -8187 3726  
1051      -2373 2569  2569  0 -8187 3726  
1052      -2373 2569  2569  0 6783  3415  
1053      -2373 2569  2569  0 6783  3415  
1054      -2373 2569  2569  0 -2796 3017  
1055      -2373 2569  2569  0 -2796 3017  
1056      -2373 2569  2569  0 -2256 2549  
1057      -2373 2569  2569  0 -2256 2549  
1058      -2373 2569  2569  0 6448  2013  
1059      -2373 2569  2569  0 6448  2013  
1060      -2373 2569  2569  0 -8185 1433  
1061      -2373 2569  2569  0 -8185 1433  
1062      -2373 2569  2569  0 6805  817   
1063      -2373 2569  2569  0 6805  817   
1064      -2373 2569  2569  0 -2833 176   
1065      -2373 2569  2569  0 -2833 176   
1066      -2373 2569  2569  0 -2218 -464  
1067      -2373 2569  2569  0 -2218 -464  
1068      -2373 2569  2569  0 6424  -1098 
1069      -2373 2569  2569  0 6424  -1098 
1070      -2373 2569  2569  0 -8184 -1700 
1071      -2373 2569  2569  0 -8184 -1700 
1072      -2373 2569  2569  0 6827  -2259 
1073      -2373 2569  2569  0 6827  -2259 
1074      -2373 2569  2569  0 -2870 -2769 
1075      -2373 2569  2569  0 -2870 -2769 
1076      -2373 2569  2569  0 -2180 -3205 
1077      -2373 2569  2569  0 -2180 -3205 
1078      -2373 2569  2569  0 6399  -3566 
1079      -2373 2569  2569  0 6399  -3566 
1080      -2373 2569  2569  0 -8182 -3836 
1081      -2373 2569  2569  0 -8182 -3836 
1082      -2373 2569  2569  0 6849  -4013 
1083      -2373 2569  2569  0 6849  -4013 
1084      -2373 2569  2569  0 -2907 -4091 
1085      -2373 2569  2569  0 -2907 -4091 
1086      -2373 2569  2569  0 -2141 -4069 
1087      -2373 2569  2569  0 -2141 -4069 
1088      -2373 2569  2569  0 6375  -3945 
1089      -2373 2569  2569  0 6375  -3945 
1090      -2373 2569  2569  0 -8180 -3726 
1091      -2373 2569  2569  0 -8180 -3726 
1092      -2373 2569  2569  0 6870  -3415 
1093      -2373 2569  2569  0 6870  -3415 
1094      -2373 2569  2569  0 -2944 -3017 
1095      -2373 2569  2569  0 -2944 -3017 
1096      -2373 2569  2569  0 -2104 -2549 
1097      -2373 2569  2569  0 -2104 -2549 
1098      -2373 2569  2569  0 6350  -2018 
1099      -2373 2569  2569  0 6350  -2018 
1100      -2373 2569  2569  0 -8178 -1433 
1101      -2373 2569  2569  0 -8178 -1433 
1102      -2373 2569  2569  0 6891  -817  
1103      -2373 2569  2569  0 6891  -817  
1104      -2373 2569  2569  0 -2980 -176  
1105      -2373 2569  2569  0 -2980 -176  
1106      -2373 2569  2569  0 -2066 464   
1107      -2373 2569  2569  0 -2066 464   
1108      -2373 2569  2569  0 6325  1092  
1109      -2373 2569  2569  0 6325  1092  
1110      -2373 2569  2569  0 -8176 1700  
1111      -2373 2569  2569  0 -8176 1700  
1112      -2373 2569  2569  0 6913  2259  
1113      -2373 2569  2569  0 6913  2259  
1114      -2373 2569  2569  0 -3017 2769  
1115      -2373 2569  2569  0 -3017 2769  
1116      -2373 2569  2569  0 -2028 3205  
1117      -2373 2569  2569  0 -2028 3205  
1118      -2373 2569  2569  0 6300  3563  
1119      -2373 2569  2569  0 6300  3563  
1120      -2373 2569  2569  0 -8173 3836  
1121      -2373 2569  2569  0 -8173 3836  
1122      -2373 2569  2569  0 6934  4013  
1123      -2373 2569  2569  0 6934  4013  
1124      -2373 2569  2569  0 -3054 4091  
1125      -2373 2569  2569  0 -3054 4091  
1126      -2373 2569  2569  0 -1989 4069  
1127      -2373 2569  2569  0 -1989 4069  
1128      -2373 2569  2569  0 6275  3947  
1129      -2373 2569  2569  0 6275  3947  
1130      -2373 2569  2569  0 -8171 3726  
1131      -2373 2569  2569  0 -8171 3726  
1132      -2373 2569  2569  0 6954  3415  
1133      -2373 2569  2569  0 6954  3415  
1134      -2373 2569  2569  0 -3090 3017  
1135      -2373 2569  2569  0 -3090 3017  
1136      -2373 2569  2569  0 -1951 2549  
1137      -2373 2569  2569  0 -1951 2549  
1138      -2373 2569  2569  0 6249  2018  
1139      -2373 2569  2569  0 6249  2018  
1140      -2373 2569  2569  0 -8168 1433  
1141      -2373 2569  2569  0 -8168 1433  
1142      -2373 2569  2569  0 6976  817   
1143      -2373 2569  2569  0 6976  817   
1144      -2373 2569  2569  0 -3127 176   
1145      -2373 2569  2569  0 -3127 176   
1146      -2373 2569  2569  0 -1912 -464  
1147      -2373 2569  2569  0 -1912 -464  
1148      -2373 2569  2569  0 6224  -1092 
1149      -2373 2569  2569  0 6224  -1092 
1150      -2373 2569  2569  0 -8165 -1700 
1151      -2373 2569  2569  0 -8165 -1700 
1152      -2373 2569  2569  0 6996  -2259 
1153      -2373 2569  2569  0 6996  -2259 
1154      -2373 2569  2569  0 -3163 -2769 
1155      -2373 2569  2569  0 -3163 -2769 
1156      -2373 2569  2569  0 -1874 -3205 
1157      -2373 2569  2569  0 -1874 -3205 
1158      -2373 2569  2569  0 6198  -3563 
1159      -2373 2569  2569  0 6198  -3563 
1160      -2373 2569  2569  0 -8161 -3836 
1161      -2373 2569  2569  0 -8161 -3836 
1162      -2373 2569  2569  0 7016  -4013 
1163      -2373 2569  2569  0 7016  -4013 
1164      -2373 2569  2569  0 -3200 -4091 
1165      -2373 2569  2569  0 -3200 -4091 
1166      -2373 2569  2569  0 -1836 -4069 
1167      -2373 2569  2569  0 -1836 -4069 
1168      -2373 2569  2569  0 6172  -3947 
1169      -2373 2569  2569  0 6172  -3947 
1170      -2373 2569  2569  0 -8158 -3726 
1171      -2373 2569  2569  0 -8158 -3726 
1172      -2373 2569  2569  0 7037  -3415 
1173      -2373 2569  2569  0 7037  -3415 
1174      -2373 2569  2569  0 -3236 -3017 
1175      -2373 2569  2569  0 -3236 -3017 
1176      -2373 2569  2569  0 -1798 -2549 
1177      -2373 2569  2569  0 -1798 -2549 
1178      -2373 2569  2569  0 6147  -2018 
1179      -2373 2569  2569  0 6147  -2018 
1180      -2373 2569  2569  0 -8154 -1433 
1181      -2373 2569  2569  0 -8154 -1433 
1182      -2373 2569  2569  0 7057  -817  
1183      -2373 2569  2569  0 7057  -817  
1184      -2373 2569  2569  0 -3272 -176  
1185      -2373 2569  2569  0 -3272 -176  
1186      -2373 2569  2569  0 -1759 464   
1187      -2373 2569  2569  0 -1759 464   
1188      -2373 2569  2569  0 6120  1092  
1189      -2373 2569  2569  0 6120  1092  
1190      -2373 2569  2569  0 -8150 1700  
1191      -2373 2569  2569  0 -8150 1700  
1192      -2373 2569  2569  0 7077  2259  
1193      -2373 2569  2569  0 7077  2259  
1194      -2373 2569  2569  0 -3308 2769  
1195      -2373 2569  2569  0 -3308 2769  
1196      -2373 2569  2569  0 -1720 3205  
1197      -2373 2569  2569  0 -1720 3205  
1198      -2373 2569  2569  0 6094  3563  
1199      -2373 2569  2569  0 6094  3563  
1200      -2373 2569  2569  0 -8146 3836  
1201      -2373 2569  2569  0 -8146 3836  
1202      -2373 2569  2569  0 7096  4013  
1203      -2373 2569  2569  0 7096  4013  
1204      -2373 2569  2569  0 -3344 4091  
1205      -2373 2569  2569  0 -3344 4091  
1206      -2373 2569  2569  0 -1682 4069  
1207      -2373 2569  2569  0 -1682 4069  
1208      -2373 2569  2569  0 6068  3947  
1209      -2373 2569  2569  0 6068  3947  
1210      -2373 2569  2569  0 -8142 3726  
1211      -2373 2569  2569  0 -8142 3726  
1212      -2373 2569  2569  0 7116  3415  
1213      -2373 2569  2569  0 7116  3415  
1214      -2373 2569  2569  0 -3380 3017  
1215      -2373 2569  2569  0 -3380 3017  
1216      -2373 2569  2569  0 -1643 2549  
1217      -2373 2569  2569  0 -1643 2549  
1218      -2373 2569  2569  0 6041  2018  
1219      -2373 2569  2569  0 6041  2018  
1220      -2373 2569  2569  0 -8138 1433  
1221      -2373 2569  2569  0 -8138 1433  
1222      -2373 2569  2569  0 7135  817   
1223      -2373 2569  2569  0 7135  817   
1224      -2373 2569  2569  0 -3415 176   
1225      -2373 2569  2569  0 -3415 176   
1226      -2373 2569  2569  0 -1605 -464  
1227      -2373 2569  2569  0 -1605 -464  
1228      -2373 2569  2569  0 6015  -1092 
1229      -2373 2569  2569  0 6015  -1092 
1230      -2373 2569  2569  0 -8133 -1700 
1231      -2373 2569  2569  0 -8133 -1700 
1232      -2373 2569  2569  0 7155  -2259 
1233      -2373 2569  2569  0 7155  -2259 
1234      -2373 2569  2569  0 -3452 -2769 
1235      -2373 2569  2569  0 -3452 -2769 
1236      -2373 2569  2569  0 -1566 -3205 
1237      -2373 2569  2569  0 -1566 -3205 
1238      -2373 2569  2569  0 5988  -3563 
1239      -2373 2569  2569  0 5988  -3563 
1240      -2373 2569  2569  0 -8128 -3836 
1241      -2373 2569  2569  0 -8128 -3836 
1242      -2373 2569  2569  0 7174  -4013 
1243      -2373 2569  2569  0 7174  -4013 
1244      -2373 2569  2569  0 -3487 -4091 
1245      -2373 2569  2569  0 -3487 -4091 
1246      -2373 2569  2569  0 -1528 -4069 
1247      -2373 2569  2569  0 -1528 -4069 
1248      -2373 2569  2569  0 5960  -3947 
1249      -2373 2569  2569  0 5960  -3947 
1250      -2373 2569  2569  0 -8123 -3726 
1251      -2373 2569  2569  0 -8123 -3726 
1252      -2373 2569  2569  0 7193  -3415 
1253      -2373 2569  2569  0 7193  -3415 
1254      -2373 2569  2569  0 -3523 -3017 
1255      -2373 2569  2569  0 -3523 -3017 
1256      -2373 2569  2569  0 -1489 -2549 
1257      -2373 2569  2569  0 -1489 -2549 
1258      -2373 2569  2569  0 5933  -2018 
1259      -2373 2569  2569  0 5933  -2018 
1260      -2373 2569  2569  0 -8118 -1433 
1261      -2373 2569  2569  0 -8118 -1433 
1262      -2373 2569  2569  0 7212  -817  
1263      -2373 2569  2569  0 7212  -817  
1264      -2373 2569  2569  0 -3558 -176  
1265      -2373 3429  2569  0 -3558 -176  
1266      -2373 3429  2569  0 -1451 464   
1267      -2373 3429  3429  0 -1451 464   
1268      -2373 3429  3429  0 5906  1092  
1269      -2373 3429  3429  0 5906  1092  
1270      -2373 3429  3429  0 -8113 1700  
1271      -2373 3429  3429  0 -8113 1700  
1272      -2373 3429  3429  0 7230  2259  
1273      -2373 3429  3429  0 7230  2259  
1274      -2373 3429  3429  0 -3593 2769  
1275      -2373 3429  3429  0 -3593 2769  
1276      -2373 3429  3429  0 -1411 3205  
1277      -2373 3429  3429  0 -1411 3205  
1278      -2373 3429  3429  0 5879  3563  
1279      -2373 3429  3429  0 5879  3563  
1280      -2373 3429  3429  0 -8108 3836  
1281      -2373 3429  3429  0 -8108 3836  
1282      -2373 3429  3429  0 7248  4013  
1283      -2373 3429  3429  0 7248  4013  
1284      -2373 3429  3429  0 -3632 4091  
1285      -2373 3429  3429  0 -3632 4091  
1286      -2373 3429  3429  0 -1366 4069  
1287      -2373 3429  3429  0 -1366 4069  
1288      -2373 3429  3429  0 5845  3947  
1289      -2373 3429  3429  0 5845  3947  
1290      -2373 3429  3429  0 -8100 3726  
1291      -2373 3429  3429  0 -8100 3726  
1292      -2373 3429  3429  0 7273  3415  
1293      -2373 3429  3429  0 7273  3415  
1294      -2373 3429  3429  0 -3679 3017  
1295      -2373 3429  3429  0 -3679 3017  
1296      -2373 3429  3429  0 -1314 2549  
1297      -2373 3429  3429  0 -1314 2549  
1298      -2373 3429  3429  0 5808  2018  
1299      -2373 3429  3429  0 5808  2018  
1300      -2373 3429  3429  0 -8092 1433  
1301      -2373 3429  3429  0 -8092 1433  
1302      -2373 3429  3429  0 7298  817   
1303      -2373 3429  3429  0 7298  817   
1304      -2373 3429  3429  0 -3726 176   
1305      -2373 3429  3429  0 -3726 176   
1306      -2373 3429  3429  0 -1262 -464  
1307      -2373 3429  3429  0 -1262 -464  
1308      -2373 3429  3429  0 5771  -1092 
1309      -2373 3429  3429  0 5771  -1092 
1310      -2373 3429  3429  0 -8084 -1700 
1311      -2373 3429  3429  0 -8084 -1700 
1312      -2373 3429  3429  0 7321  -2259 
1313      -2373 3429  3429  0 7321  -2259 
1314      -2373 3429  3429  0 -3773 -2769 
1315      -2373 3429  3429  0 -3773 -2769 
1316      -2373 3429  3429  0 -1210 -3205 
1317      -2373 3429  3429  0 -1210 -3205 
1318      -2373 3429  3429  0 5733  -3563 
1319      -2373 3429  3429  0 5733  -3563 
1320      -2373 3429  3429  0 -8075 -3836 
1321      -2373 3429  3429  0 -8075 -3836 
1322      -2373 3429  3429  0 7344  -4013 
1323      -2373 3429  3429  0 7344  -4013 
1324      -2373 3429  3429  0 -3820 -4091 
1325      -2373 3429  3429  0 -3820 -4091 
1326      -2373 3429  3429  0 -1158 -4069 
1327      -2373 3429  3429  0 -1158 -4069 
1328      -2373 3429  3429  0 5696  -3947 
1329      -2373 3429  3429  0 5696  -3947 
1330      -2373 3429  3429  0 -8066 -3726 
1331      -2373 3429  3429  0 -8066 -3726 
1332      -2373 3429  3429  0 7368  -3415 
1333      -2373 3429  3429  0 7368  -3415 
1334      -2373 3429  3429  0 -3866 -3017 
1335      -2373 3429  3429  0 -3866 -3017 
1336      -2373 3429  3429  0 -1106 -2549 
1337      -2373 3429  3429  0 -1106 -2549 
1338      -2373 3429  3429  0 5658  -2018 
1339      -2373 3429  3429  0 5658  -2018 
1340      -2373 3429  3429  0 -8057 -1433 
1341      -2373 3429  3429  0 -8057 -1433 
1342      -2373 3429  3429  0 7390  -817  
1343      -2373 3429  3429  0 7390  -817  
1344      -2373 3429  3429  0 -3912 -176  
1345      -2373 3429  3429  0 -3912 -176  
1346      -2373 3429  3429  0 -1054 464   
1347      -2373 3429  3429  0 -1054 464   
1348      -2373 3429  3429  0 5620  1092  
1349      -2373 3429  3429  0 5620  1092  
1350      -2373 3429  3429  0 -8047 1700  
1351      -2373 3429  3429  0 -8047 1700  
1352      -2373 3429  3429  0 7413  2259  
1353      -2373 3429  3429  0 7413  2259  
1354      -2373 3429  3429  0 -3959 2764  
1355      -2373 3429  3429  0 -3959 2764  
1356      -2373 3429  3429  0 -1002 3205  
1357      -2373 3429  3429  0 -1002 3205  
1358      -2373 3429  3429  0 5581  3563  
1359      -2373 3429  3429  0 5581  3563  
1360      -2373 3429  3429  0 -8037 3836  
1361      -2373 3429  3429  0 -8037 3836  
1362      -2373 3429  3429  0 7435  4013  
1363      -2373 3429  3429  0 7435  4013  
1364      -2373 3429  3429  0 -4004 4091  
1365      -2373 3429  3429  0 -4004 4091  
1366      -2373 3429  3429  0 -950  4069  
1367      -2373 3429  3429  0 -950  4069  
1368      -2373 3429  3429  0 5543  3947  
1369      -2373 3429  3429  0 5543  3947  
1370      -2373 3429  3429  0 -8027 3726  
1371      -2373 3429  3429  0 -8027 3726  
1372      -2373 3429  3429  0 7457  3415  
1373      -2373 3429  3429  0 7457  3415  
1374      -2373 3429  3429  0 -4050 3022  
1375      -2373 3429  3429  0 -4050 3022  
1376      -2373 3429  3429  0 -897  2549  
1377      -2373 3429  3429  0 -897  2549  
1378      -2373 3429  3429  0 5504  2018  
1379      -2373 3429  3429  0 5504  2018  
1380      -2373 3429  3429  0 -8016 1433  
1381      -2373 3429  3429  0 -8016 1433  
1382      -2373 3429  3429  0 7479  817   
1383      -2373 3429  3429  0 7479  817   
1384      -2373 3429  3429  0 -4096 182   
1385      -2373 3429  3429  0 -4096 182   
1386      -2373 3429  3429  0 -845  -464  
1387      -2373 3429  3429  0 -845  -464  
1388      -2373 3429  3429  0 5465  -1092 
1389      -2373 3429  3429  0 5465  -1092 
1390      -2373 3429  3429  0 -8005 -1700 
1391      -2373 3429  3429  0 -8005 -1700 
1392      -2373 3429  3429  0 7500  -2259 
1393      -2373 3429  3429  0 7500  -2259 
1394      -2373 3429  3429  0 -4141 -2764 
1395      -2373 3429  3429  0 -4141 -2764 
1396      -2373 3429  3429  0 -793  -3205 
1397      -2373 3429  3429  0 -793  -3205 
1398      -2373 3429  3429  0 5426  -3563 
1399      -2373 3429  3429  0 5426  -3563 
1400      -2373 3429  3429  0 -7994 -3836 
1401      -2373 3429  3429  0 -7994 -3836 
1402      -2373 3429  3429  0 7521  -4013 
1403      -2373 3429  3429  0 7521  -4013 
1404      -2373 3429  3429  0 -4187 -4091 
1405      -2373 3429  3429  0 -4187 -4091 
1406      -2373 3429  3429  0 -741  -4069 
1407      -2373 3429  3429  0 -741  -4069 
1408      -2373 3429  3429  0 5386  -3947 
1409      -2373 3429  3429  0 5386  -3947 
1410      -2373 3429  3429  0 -7982 -3726 
1411      -2373 3429  3429  0 -7982 -3726 
1412      -2373 3429  3429  0 7542  -3415 
1413      -2373 3429  3429  0 7542  -3415 
1414      -2373 3429  3429  0 -4232 -3022 
1415      -2373 3429  3429  0 -4232 -3022 
1416      -2373 3429  3429  0 -688  -2549 
1417      -2373 3429  3429  0 -688  -2549 
1418      -2373 3429  3429  0 5347  -2018 
1419      -2373 3429  3429  0 5347  -2018 
1420      -2373 3429  3429  0 -7970 -1433 
1421      -2373 3429  3429  0 -7970 -1433 
1422      -2373 3429  3429  0 7562  -817  
1423      -2373 3429  3429  0 7562  -817  
1424      -2373 3429  3429  0 -4277 -182  
1425      -2373 3429  3429  0 -4277 -182  
1426      -2373 3429  3429  0 -635  464   
1427      -2373 3429  3429  0 -635  464   
1428      -2373 3429  3429  0 5307  1092  
1429      -2373 3429  3429  0 5307  1092  
1430      -2373 3429  3429  0 -7958 1700  
1431      -2373 3429  3429  0 -7958 1700  
1432      -2373 3429  3429  0 7582  2259  
1433      -2373 3429  3429  0 7582  2259  
1434      -2373 3429  3429  0 -4322 2764  
1435      -2373 3429  3429  0 -4322 2764  
1436      -2373 3429  3429  0 -583  3205  
1437      -2373 3429  3429  0 -583  3205  
1438      -2373 3429  3429  0 5266  3563  
1439      -2373 3429  3429  0 5266  3563  
1440      -2373 3429  3429  0 -7946 3836  
1441      -2373 3429  3429  0 -7946 3836  
1442      -2373 3429  3429  0 7602  4013  
1443      -2373 3429  3429  0 7602  4013  
1444      -2373 3429  3429  0 -4366 4091  
1445      -2373 3429  3429  0 -4366 4091  
1446      -2373 3429  3429  0 -530  4069  
1447      -2373 3429  3429  0 -530  4069  
1448      -2373 3429  3429  0 5226  3947  
1449      -2373 3429  3429  0 5226  3947  
1450      -2373 3429  3429  0 -7933 3726  
1451      -2373 3429  3429  0 -7933 3726  
1452      -2373 3429  3429  0 7621  3415  
1453      -2373 3429  3429  0 7621  3415  
1454      -2373 3429  3429  0 -4411 3022  
1455      -2373 3429  3429  0 -4411 3022  
1456      -2373 3429  3429  0 -478  2549  
1457      -2373 3429  3429  0 -478  2549  
1458      -2373 3429  3429  0 5185  2018  
1459      -2373 3429  3429  0 5185  2018  
1460      -2373 3429  3429  0 -7919 1433  
1461      -2373 3429  3429  0 -7919 1433  
1462      -2373 3429  3429  0 7640  817   
1463      -2373 3429  3429  0 7640  817   
1464      -2373 3429  3429  0 -4455 182   
1465      -2373 3429  3429  0 -4455 182   
1466      -2373 3429  3429  0 -425  -464  
1467      -2373 3429  3429  0 -425  -464  
1468      -2373 3429  3429  0 5145  -1092 
1469      -2373 3429  3429  0 5145  -1092 
1470      -2373 3429  3429  0 -7906 -1700 
1471      -2373 3429  3429  0 -7906 -1700 
1472      -2373 3429  3429  0 7659  -2259 
1473      -2373 3429  3429  0 7659  -2259 
1474      -2373 3429  3429  0 -4498 -2764 
1475      -2373 3429  3429  0 -4498 -2764 
1476      -2373 3429  3429  0 -373  -3205 
1477      -2373 3429  3429  0 -373  -3205 
1478      -2373 3429  3429  0 5103  -3563 
1479      -2373 3429  3429  0 5103  -3563 
1480      -2373 3429  3429  0 -7892 -3836 
1481      -2373 3429  3429  0 -7892 -3836 
1482      -2373 3429  3429  0 7678  -4013 
1483      -2373 3429  3429  0 7678  -4013 
1484      -2373 3429  3429  0 -4543 -4091 
1485      -2373 3429  3429  0 -4543 -4091 
1486      -2373 3429  3429  0 -320  -4069 
1487      -2373 3429  3429  0 -320  -4069 
1488      -2373 3429  3429  0 5062  -3947 
1489      -2373 3429  3429  0 5062  -3947 
1490      -2373 3429  3429  0 -7878 -3726 
1491      -2373 3429  3429  0 -7878 -3726 
1492      -2373 3429  3429  0 7696  -3415 
1493      -2373 3429  3429  0 7696  -3415 
1494      -2373 3429  3429  0 -4586 -3022 
1495      -2373 3429  3429  0 -4586 -3022 
1496      -2373 3429  3429  0 -269  -2549 
1497      -2373 3429  3429  0 -269  -2549 
1498      -2373 3429  3429  0 5021  -2018 
1499      -2373 3429  3429  0 5021  -2018 
1500      -2373 3429  3429  0 -7863 -1433 
1501      -2373 3429  3429  0 -7863 -1433 
1502      -2373 3429  3429  0 7714  -817  
1503      -2373 3429  3429  0 7714  -817  
1504      -2373 3429  3429  0 -4629 -182  
1505      -2373 3429  3429  0 -4629 -182  
1506      -2373 3429  3429  0 -216  464   
1507      -2373 3429  3429  0 -216  464   
1508      -2373 3429  3429  0 4979  1092  
1509      -2373 3429  3429  0 4979  1092  
1510      -2373 3429  3429  0 -7848 1700  
1511      -2373 3429  3429  0 -7848 1700  
1512      -2373 3429  3429  0 7731  2259  
1513      -2373 3429  3429  0 7731  2259  
1514      -2373 3429  3429  0 -4673 2764  
1515      -2373 3429  3429  0 -4673 2764  
1516      -2373 3429  3429  0 -163  3205  
1517      -2373 3429  3429  0 -163  3205  
1518      -2373 3429  3429  0 4937  3563  
1519      -2373 3429  3429  0 4937  3563  
1520      -2373 3429  3429  0 -7833 3836  
1521      -2373 3429  3429  0 -7833 3836  
1522      -2373 3429  3429  0 7748  4013  
1523      -2373 3429  3429  0 7748  4013  
1524      -2373 3429  3429  0 -4716 4091  
1525      -2373 3429  3429  0 -4716 4091  
1526      -2373 3429  3429  0 -111  4069  
1527      -2373 3429  3429  0 -111  4069  
1528      -2373 3429  3429  0 4895  3947  
1529      -2373 3429  3429  0 4895  3947  
1530      -2373 3429  3429  0 -7817 3726  
1531      -2373 3429  3429  0 -7817 3726  
1532      -2373 3429  3429  0 7765  3415  
1533      -2373 3429  3429  0 7765  3415  
1534      -2373 3429  3429  0 -4759 3022  
1535      -2373 3429  3429  0 -4759 3022  
1536      -2373 3429  3429  0 -58   2549  
1537      -2373 3429  3429  0 -58   2549  
1538      -2373 3429  3429  0 4853  2018  
1539      -2373 3429  3429  0 4853  2018  
1540      -2373 3429  3429  0 -7801 1433  
1541      -2373 3429  3429  0 -7801 1433  
1542      -2373 3429  3429  0 7782  817   
1543      -2373 3429  3429  0 7782  817   
1544      -2373 3429  3429  0 -4801 182   
1545      -2373 3429  3429  0 -4801 182   
1546      -2373 3429  3429  0 -5    -464  
1547      -2373 3429  3429  0 -5    -464  
1548      -2373 3429  3429  0 4810  -1092 
1549      -2373 3429  3429  0 4810  -1092 
1550      -2373 3429  3429  0 -7785 -1700 
1551      -2373 3429  3429  0 -7785 -1700 
1552      -2373 3429  3429  0 7798  -2259 
1553      -2373 3429  3429  0 7798  -2259 
1554      -2373 3429  3429  0 -4844 -2764 
1555      -2373 3429  3429  0 -4844 -2764 
1556      -2373 3429  3429  0 47    -3205 
1557      -2373 3429  3429  0 47    -3205 
1558      -2373 3429  3429  0 4768  -3563 
1559      -2373 3429  3429  0 4768  -3563 
1560      -2373 3429  3429  0 -7769 -3836 
1561      -2373 3429  3429  0 -7769 -3836 
1562      -2373 3429  3429  0 7814  -4013 
1563      -2373 3429  3429  0 7814  -4013 
1564      -2373 3429  3429  0 -4886 -4091 
1565      -2373 3429  3429  0 -4886 -4091 
1566      -2373 3429  3429  0 100   -4069 
1567      -2373 3429  3429  0 100   -4069 
1568      -2373 3429  3429  0 4725  -3947 
1569      -2373 3429  3429  0 4725  -3947 
1570      -2373 3429  3429  0 -7752 -3726 
1571      -2373 3429  3429  0 -7752 -3726 
1572      -2373 3429  3429  0 7830  -3415 
1573      -2373 3429  3429  0 7830  -3415 
1574      -2373 3429  3429  0 -4928 -3022 
1575      -2373 3429  3429  0 -4928 -3022 
1576      -2373 3429  3429  0 152   -2549 
1577      -2373 3429  3429  0 152   -2549 
1578      -2373 3429  3429  0 4682  -2018 
1579      -2373 3429  3429  0 4682  -2018 
1580      -2373 3429  3429  0 -7735 -1433 
1581      -2373 3429  3429  0 -7735 -1433 
1582      -2373 3429  3429  0 7845  -817  
1583      -2373 3429  3429  0 7845  -817  
1584      -2373 3429  3429  0 -4970 -182  
1585      -2373 3429  3429  0 -4970 -182  
1586      -2373 3429  3429  0 205   464   
1587      -2373 3429  3429  0 205   464   
1588      -2373 3429  3429  0 4638  1092  
1589      -2373 3429  3429  0 4638  1092  
1590      -2373 3429  3429  0 -7717 1700  
1591      -2373 3429  3429  0 -7717 1700  
1592      -2373 3429  3429  0 7860  2259  
1593      -2373 3429  3429  0 7860  2259  
1594      -2373 3429  3429  0 -5012 2764  
1595      -2373 3429  3429  0 -5012 2764  
1596      -2373 3429  3429  0 258   3205  
1597      -2373 3429  3429  0 258   3205  
1598      -2373 3429  3429  0 4595  3563  
1599      -2373 3429  3429  0 4595  3563  
1600      -2373 3429  3429  0 -7700 3836  
1601      -2373 3429  3429  0 -7700 3836  
1602      -2373 3429  3429  0 7874  4013  
1603      -2373 3429  3429  0 7874  4013  
1604      -2373 3429  3429  0 -5054 4091  
1605      -2373 3429  3429  0 -5054 4091  
1606      -2373 3429  3429  0 310   4069  
1607      -2373 3429  3429  0 310   4069  
1608      -2373 3429  3429  0 4551  3947  
1609      -2373 3429  3429  0 4551  3947  
1610      -2373 3429  3429  0 -7681 3728  
1611      -2373 3429  3429  0 -7681 3728  
1612      -2373 3429  3429  0 7889  3415  
1613      -2373 3429  3429  0 7889  3415  
1614      -2373 3429  3429  0 -5095 3022  
1615      -2373 3429  3429  0 -5095 3022  
1616      -2373 3429  3429  0 363   2549  
1617      -2373 3429  3429  0 363   2549  
1618      -2373 3429  3429  0 4507  2018  
1619      -2373 3429  3429  0 4507  2018  
1620      -2373 3429  3429  0 -7663 1439  
1621      -2373 3429  3429  0 -7663 1439  
1622      -2373 3429  3429  0 7903  817   
1623      -2373 3429  3429  0 7903  817   
1624      -2373 3429  3429  0 -5136 182   
1625      -2373 3429  3429  0 -5136 182   
1626      -2373 3429  3429  0 415   -464  
1627      -2373 3429  3429  0 415   -464  
1628      -2373 3429  3429  0 4464  -1092 
1629      -2373 3429  3429  0 4464  -1092 
1630      -2373 3429  3429  0 -7644 -1694 
1631      -2373 3429  3429  0 -7644 -1694 
1632      -2373 3429  3429  0 7916  -2259 
1633      -2373 3429  3429  0 7916  -2259 
1634      -2373 3429  3429  0 -5177 -2764 
1635      -2373 3429  3429  0 -5177 -2764 
1636      -2373 3429  3429  0 468   -3205 
1637      -2373 3429  3429  0 468   -3205 
1638      -2373 3429  3429  0 4419  -3563 
1639      -2373 3429  3429  0 4419  -3563 
1640      -2373 3429  3429  0 -7625 -3834 
1641      -2373 3429  3429  0 -7625 -3834 
1642      -2373 3429  3429  0 7930  -4013 
1643      -2373 3429  3429  0 7930  -4013 
1644      -2373 3429  3429  0 -5218 -4091 
1645      -2373 3429  3429  0 -5218 -4091 
1646      -2373 3429  3429  0 520   -4069 
1647      -2373 3429  3429  0 520   -4069 
1648      -2373 3429  3429  0 4376  -3947 
1649      -2373 3429  3429  0 4376  -3947 
1650      -2373 3429  3429  0 -7606 -3728 
1651      -2373 3429  3429  0 -7606 -3728 
1652      -2373 3429  3429  0 7943  -3415 
1653      -2373 3429  3429  0 7943  -3415 
1654      -2373 3429  3429  0 -5258 -3022 
1655      -2373 3429  3429  0 -5258 -3022 
1656      -2373 3429  3429  0 573   -2549 
1657      -2373 3429  3429  0 573   -2549 
1658      -2373 3429  3429  0 4330  -2018 
1659      -2373 3429  3429  0 4330  -2018 
1660      -2373 3429  3429  0 -7586 -1439 
1661      -2373 3429  3429  0 -7586 -1439 
1662      -2373 3429  3429  0 7956  -817  
1663      -2373 3429  3429  0 7956  -817  
1664      -2373 3429  3429  0 -5298 -182  
1665      -2373 3429  3429  0 -5298 -182  
1666      -2373 3429  3429  0 625   464   
1667      -2373 3429  3429  0 625   464   
1668      -2373 3429  3429  0 4286  1092  
1669      -2373 3429  3429  0 4286  1092  
1670      -2373 3429  3429  0 -7566 1694  
1671      -2373 3429  3429  0 -7566 1694  
1672      -2373 3429  3429  0 7968  2259  
1673      -2373 3429  3429  0 7968  2259  
1674      -2373 3429  3429  0 -5338 2764  
1675      -2373 3429  3429  0 -5338 2764  
1676      -2373 3429  3429  0 678   3205  
1677      -2373 3429  3429  0 678   3205  
1678      -2373 3429  3429  0 4241  3563  
1679      -2373 3429  3429  0 4241  3563  
1680      -2373 3429  3429  0 -7546 3834  
1681      -2373 3429  3429  0 -7546 3834  
1682      -2373 3429  3429  0 7980  4013  
1683      -2373 3429  3429  0 7980  4013  
1684      -2373 3429  3429  0 -5378 4091  
1685      -2373 3429  3429  0 -5378 4091  
1686      -2373 3429  3429  0 730   4069  
1687      -2373 3429  3429  0 730   4069  
1688      -2373 3429  3429  0 4196  3947  
1689      -2373 3429  3429  0 4196  3947  
1690      -2373 3429  3429  0 -7525 3728  
1691      -2373 3429  3429  0 -7525 3728  
1692      -2373 3429  3429  0 7992  3415  
1693      -2373 3429  3429  0 7992  3415  
1694      -2373 3429  3429  0 -5418 3022  
1695      -2373 3429  3429  0 -5418 3022  
1696      -2373 3429  3429  0 782   2549  
1697      -2373 3429  3429  0 782   2549  
1698      -2373 3429  3429  0 4151  2018  
1699      -2373 3429  3429  0 4151  2018  
1700      -2373 3429  3429  0 -7504 1439  
1701      -2373 3429  3429  0 -7504 1439  
1702      -2373 3429  3429  0 8003  817   
1703      -2373 3429  3429  0 8003  817   
1704      -2373 3429  3429  0 -5457 182   
1705      -2373 3429  3429  0 -5457 182   
1706      -2373 3429  3429  0 835   -464  
1707      -2373 3429  3429  0 835   -464  
1708      -2373 3429  3429  0 4105  -1092 
1709      -2373 3429  3429  0 4105  -1092 
1710      -2373 3429  3429  0 -7483 -1694 
1711      -2373 3429  3429  0 -7483 -1694 
1712      -2373 3429  3429  0 8014  -2259 
1713      -2373 3429  3429  0 8014  -2259 
1714      -2373 3429  3429  0 -5496 -2764 
1715      -2373 3429  3429  0 -5496 -2764 
1716      -2373 3429  3429  0 886   -3205 
1717      -2373 3429  3429  0 886   -3205 
1718      -2373 3429  3429  0 4060  -3563 
1719      -2373 3429  3429  0 4060  -3563 
1720      -2373 3429  3429  0 -7462 -3834 
1721      -2373 3429  3429  0 -7462 -3834 
1722      -2373 3429  3429  0 8025  -4013 
1723      -2373 3429  3429  0 8025  -4013 
1724      -2373 3429  3429  0 -5535 -4091 
1725      -2373 3429  3429  0 -5535 -4091 
1726      -2373 3429  3429  0 940   -4069 
1727      -2373 3429  3429  0 940   -4069 
1728      -2373 3429  3429  0 4014  -3947 
1729      -2373 3429  3429  0 4014  -3947 
1730      -2373 3429  3429  0 -7440 -3728 
1731      -2373 3429  3429  0 -7440 -3728 
1732      -2373 3429  3429  0 8035  -3415 
1733      -2373 3429  3429  0 8035  -3415 
1734      -2373 3429  3429  0 -5573 -3022 
1735      -2373 3429  3429  0 -5573 -3022 
1736      -2373 3429  3429  0 992   -2549 
1737      -2373 3429  3429  0 992   -2549 
1738      -2373 3429  3429  0 3968  -2018 
1739      -2373 3429  3429  0 3968  -2018 
1740      -2373 3429  3429  0 -7418 -1439 
1741      -2373 3429  3429  0 -7418 -1439 
1742      -2373 3429  3429  0 8045  -817  
1743      -2373 3429  3429  0 8045  -817  
1744      -2373 3429  3429  0 -5612 -182  
1745      -2373 3429  3429  0 -5612 -182  
1746      -2373 3429  3429  0 1043  464   
1747      -2373 3429  3429  0 1043  464   
1748      -2373 3429  3429  0 3922  1092  
1749      -2373 3429  3429  0 3922  1092  
1750      -2373 3429  3429  0 -7395 1694  
1751      -2373 3429  3429  0 -7395 1694  
1752      -2373 3429  3429  0 8055  2259  
1753      -2373 3429  3429  0 8055  2259  
1754      -2373 3429  3429  0 -5650 2764  
1755      -2373 3429  3429  0 -5650 2764  
1756      -2373 3429  3429  0 1095  3205  
1757      -2373 3429  3429  0 1095  3205  
1758      -2373 3429  3429  0 3876  3563  
1759      -2373 3429  3429  0 3876  3563  
1760      -2373 3429  3429  0 -7372 3834  
1761      -2373 3429  3429  0 -7372 3834  
1762      -2373 3429  3429  0 8064  4013  
1763      -2373 3429  3429  0 8064  4013  
1764      -2373 3429  3429  0 -5688 4091  
1765      -2373 3953  3429  0 -5688 4091  
1766      -2373 3953  3429  0 1147  4069  
1767      -2373 3953  3953  0 1147  4069  
1768      -2373 3953  3953  0 3829  3947  
1769      -2373 3953  3953  0 3829  3947  
1770      -2373 3953  3953  0 -7349 3728  
1771      -2373 3953  3953  0 -7349 3728  
1772      -2373 3953  3953  0 8073  3415  
1773      -2373 3953  3953  0 8073  3415  
1774      -2373 3953  3953  0 -5726 3022  
1775      -2373 3953  3953  0 -5726 3022  
1776      -2373 3953  3953  0 1200  2549  
1777      -2373 3953  3953  0 1200  2549  
1778      -2373 3953  3953  0 3783  2018  
1779      -2373 3953  3953  0 3783  2018  
1780      -2373 3953  3953  0 -7326 1439  
1781      -2373 3953  3953  0 -7326 1439  
1782      -2373 3953  3953  0 8082  817   
1783      -2373 3953  3953  0 8082  817   
1784      -2373 3953  3953  0 -5763 182   
1785      -2373 3953  3953  0 -5763 182   
1786      -2373 3953  3953  0 1254  -464  
1787      -2373 3953  3953  0 1254  -464  
1788      -2373 3953  3953  0 3733  -1092 
1789      -2373 3953  3953  0 3733  -1092 
1790      -2373 3953  3953  0 -7300 -1694 
1791      -2373 3953  3953  0 -7300 -1694 
